138	NM_001317184	chr16	+	68771192	68869445	68771318	68867402	15	68771192,68772199,68835572,68842326,68842595,68844099,68845586,68846037,68849417,68853182,68855903,68857301,68862076,68863556,68867192,	68771366,68772314,68835796,68842470,68842751,68844244,68845762,68846166,68849662,68853328,68856128,68857529,68862207,68863700,68869445,	0	CDH1	cmpl	cmpl	0,0,1,0,0,0,1,0,0,2,1,1,1,0,0,
102	NM_004015	chrX	-	31137344	31285024	31140035	31284946	18	31137344,31144758,31152218,31164407,31165391,31187559,31190464,31191655,31196048,31196785,31198486,31200854,31222077,31224698,31227614,31241163,31279071,31284926,	31140047,31144790,31152311,31164531,31165635,31187718,31190530,31191721,31196087,31196922,31198598,31201021,31222235,31224784,31227816,31241238,31279133,31285024,	0	DMD	cmpl	cmpl	0,1,1,0,2,2,2,2,2,0,2,0,1,2,1,1,2,0,
78	NM_000535	chr7	-	6010555	6048737	6013029	6048650	15	6010555,6017218,6018226,6022454,6026389,6029430,6031603,6035164,6036956,6038738,6042083,6043320,6043602,6045522,6048627,	6013173,6017388,6018327,6022622,6027251,6029586,6031688,6035264,6037054,6038906,6042267,6043423,6043689,6045662,6048737,	0	PMS2	cmpl	cmpl	0,1,2,2,1,1,0,2,0,0,2,1,1,2,0,
12	NM_004009	chrX	-	31137344	33146545	31140035	33146282	79	31137344,31144758,31152218,31164407,31165391,31187559,31190464,31191655,31196048,31196785,31198486,31200854,31222077,31224698,31227614,31241163,31279071,31341714,31366672,31462597,31496222,31497099,31514904,31525397,31645789,31676106,31697491,31747747,31792076,31838091,31854834,31893307,31947712,31950196,31986455,32235032,32305645,32328198,32360216,32361250,32364059,32366522,32380904,32382698,32383136,32398626,32404426,32407617,32408187,32429868,32456357,32459296,32466572,32472778,32481555,32482702,32486614,32490280,32503035,32509393,32519871,32536124,32563275,32583818,32591646,32591861,32613873,32632419,32662248,32663080,32715986,32717228,32827609,32834584,32841411,32862899,32867844,33038255,33146263,	31140047,31144790,31152311,31164531,31165635,31187718,31190530,31191721,31196087,31196922,31198598,31201021,31222235,31224784,31227816,31241238,31279133,31341775,31366751,31462744,31496491,31497220,31515061,31525570,31645979,31676261,31697703,31747865,31792309,31838200,31854939,31893490,31947862,31950344,31986631,32235180,32305818,32328393,32360399,32361403,32364197,32366645,32381075,32382827,32383316,32398797,32404582,32407791,32408298,32430030,32456507,32459431,32466755,32472949,32481711,32482816,32486827,32490426,32503216,32509635,32519959,32536248,32563451,32583998,32591754,32591963,32613993,32632570,32662430,32663269,32716115,32717410,32827728,32834757,32841504,32862977,32867937,33038317,33146545,	0	DMD	cmpl	cmpl	0,1,1,0,2,2,2,2,2,0,2,0,1,2,1,1,2,1,0,0,1,0,2,0,2,0,1,0,1,0,0,0,0,2,0,2,0,0,0,0,0,0,0,0,0,0,0,0,0,0,0,0,0,0,0,0,0,1,0,1,0,2,0,0,0,0,0,2,0,0,0,1,2,0,0,0,0,1,0,
934	NM_001048174	chr1	-	45794913	45805629	45794977	45800177	16	45794913,45796187,45796853,45797091,45797332,45797694,45797837,45798062,45798245,45798434,45798589,45798768,45798956,45799084,45800062,45805570,	45795109,45796229,45797006,45797228,45797521,45797758,45797982,45798160,45798359,45798506,45798631,45798842,45798996,45799233,45800183,45805629,	0	MUTYH	cmpl	cmpl	0,0,0,1,1,0,2,0,0,0,0,1,0,1,0,-1,
934	NM_001293191	chr1	-	45794913	45805629	45794977	45800177	16	45794913,45796187,45796853,45797091,45797332,45797694,45797837,45798062,45798245,45798434,45798589,45798768,45798956,45799084,45800062,45805570,	45795109,45796229,45797006,45797228,45797521,45797758,45797982,45798160,45798359,45798506,45798631,45798842,45798996,45799266,45800183,45805629,	0	MUTYH	cmpl	cmpl	0,0,0,1,1,0,2,0,0,0,0,1,0,1,0,-1,
934	NM_001293195	chr1	-	45794913	45805629	45794977	45800177	17	45794913,45796187,45796853,45797091,45797332,45797694,45797837,45798062,45798245,45798434,45798589,45798768,45798956,45799084,45800062,45804178,45805570,	45795109,45796229,45797006,45797228,45797521,45797758,45797982,45798160,45798359,45798506,45798631,45798842,45798996,45799233,45800183,45804328,45805629,	0	MUTYH	cmpl	cmpl	0,0,0,1,1,0,2,0,0,0,0,1,0,1,0,-1,-1,
934	NM_001048172	chr1	-	45794913	45805787	45794977	45800177	16	45794913,45796187,45796853,45797091,45797332,45797694,45797837,45798062,45798245,45798434,45798589,45798768,45798956,45799084,45800062,45805647,	45795109,45796229,45797006,45797228,45797521,45797758,45797982,45798160,45798359,45798506,45798631,45798842,45798996,45799236,45800183,45805787,	0	MUTYH	cmpl	cmpl	0,0,0,1,1,0,2,0,0,0,0,1,0,1,0,-1,
934	NM_001048173	chr1	-	45794913	45805787	45794977	45800177	16	45794913,45796187,45796853,45797091,45797332,45797694,45797837,45798062,45798245,45798434,45798589,45798768,45798956,45799084,45800062,45805647,	45795109,45796229,45797006,45797228,45797521,45797758,45797982,45798160,45798359,45798506,45798631,45798842,45798996,45799233,45800183,45805787,	0	MUTYH	cmpl	cmpl	0,0,0,1,1,0,2,0,0,0,0,1,0,1,0,-1,
934	NM_001293196	chr1	-	45794913	45805788	45794977	45798984	16	45794913,45796187,45796853,45797091,45797332,45797694,45797837,45798062,45798245,45798434,45798589,45798768,45798956,45799084,45800062,45805647,	45795109,45796229,45797006,45797228,45797521,45797758,45797982,45798160,45798359,45798506,45798631,45798842,45798996,45799169,45800183,45805788,	0	MUTYH	cmpl	cmpl	0,0,0,1,1,0,2,0,0,0,0,1,0,-1,-1,-1,
934	NM_001048171	chr1	-	45794913	45806142	45794977	45805926	16	45794913,45796187,45796853,45797091,45797332,45797694,45797837,45798062,45798245,45798434,45798589,45798768,45798956,45799084,45800062,45805890,	45795109,45796229,45797006,45797228,45797521,45797758,45797982,45798160,45798359,45798506,45798631,45798842,45798996,45799233,45800183,45806142,	0	MUTYH	cmpl	cmpl	0,0,0,1,1,0,2,0,0,0,0,1,0,1,0,0,
934	NM_001128425	chr1	-	45794913	45806142	45794977	45805926	16	45794913,45796187,45796853,45797091,45797332,45797694,45797837,45798062,45798245,45798434,45798589,45798768,45798956,45799084,45800062,45805890,	45795109,45796229,45797006,45797228,45797521,45797758,45797982,45798160,45798359,45798506,45798631,45798842,45798996,45799275,45800183,45806142,	0	MUTYH	cmpl	cmpl	0,0,0,1,1,0,2,0,0,0,0,1,0,1,0,0,
934	NM_001293190	chr1	-	45794913	45806142	45794977	45805926	16	45794913,45796187,45796853,45797091,45797332,45797694,45797837,45798062,45798245,45798434,45798589,45798768,45798956,45799084,45800062,45805890,	45795109,45796229,45797006,45797228,45797521,45797758,45797982,45798160,45798359,45798506,45798631,45798842,45798996,45799236,45800183,45806142,	0	MUTYH	cmpl	cmpl	0,0,0,1,1,0,2,0,0,0,0,1,0,1,0,0,
934	NM_001293192	chr1	-	45794913	45806142	45794977	45798984	16	45794913,45796187,45796853,45797091,45797332,45797694,45797837,45798062,45798245,45798434,45798589,45798768,45798956,45799084,45800062,45805890,	45795109,45796229,45797006,45797228,45797521,45797758,45797982,45798160,45798359,45798506,45798631,45798842,45798996,45799169,45800183,45806142,	0	MUTYH	cmpl	cmpl	0,0,0,1,1,0,2,0,0,0,0,1,0,-1,-1,-1,
934	NM_012222	chr1	-	45794913	45806142	45794977	45805926	16	45794913,45796187,45796853,45797091,45797332,45797694,45797837,45798062,45798245,45798434,45798589,45798768,45798956,45799084,45800062,45805890,	45795109,45796229,45797006,45797228,45797521,45797758,45797982,45798160,45798359,45798506,45798631,45798842,45798996,45799266,45800183,45806142,	0	MUTYH	cmpl	cmpl	0,0,0,1,1,0,2,0,0,0,0,1,0,1,0,0,
176	NM_000051	chr11	+	108093558	108239826	108098351	108236235	63	108093558,108098321,108098502,108099904,108106396,108114679,108115514,108117690,108119659,108121427,108122563,108123543,108124540,108126941,108128207,108129712,108137897,108139136,108141790,108141977,108143258,108143448,108150217,108151721,108153436,108154953,108158326,108159703,108160328,108163345,108164039,108165653,108168013,108170440,108172374,108173579,108175401,108178623,108180886,108183137,108186549,108186737,108188099,108190680,108192027,108196036,108196784,108198371,108199747,108200940,108202170,108202605,108203488,108204612,108205695,108206571,108213948,108216469,108218005,108224492,108225537,108235808,108236051,	108093913,108098423,108098615,108100050,108106561,108114845,108115753,108117854,108119829,108121799,108122758,108123639,108124766,108127067,108128333,108129802,108138069,108139336,108141873,108142133,108143334,108143579,108150335,108151895,108153606,108155200,108158442,108159830,108160528,108163520,108164204,108165786,108168109,108170612,108172516,108173756,108175579,108178711,108181042,108183225,108186638,108186840,108188248,108190785,108192147,108196271,108196952,108198485,108199965,108201148,108202284,108202764,108203627,108204695,108205836,108206688,108214098,108216635,108218092,108224607,108225601,108235945,108239826,	0	ATM	cmpl	cmpl	-1,0,0,2,1,1,2,1,0,2,2,2,2,0,0,0,0,1,0,2,2,0,2,0,0,2,0,2,0,2,0,0,1,1,2,0,0,1,2,2,0,2,0,2,2,2,0,0,0,2,0,0,0,1,0,0,0,0,1,1,2,0,2,
143	NM_000021	chr14	+	73603142	73690399	73614727	73685997	12	73603142,73614502,73614674,73637504,73640273,73653560,73659351,73664738,73673093,73678476,73683833,73685841,	73603291,73614584,73614814,73637755,73640415,73653628,73659572,73664837,73673180,73678650,73683952,73690399,	0	PSEN1	cmpl	cmpl	-1,-1,0,0,2,0,2,1,1,1,1,0,
1270	NM_001286167	chr16	-	89803958	89883065	89805105	89883023	43	89803958,89805289,89805536,89805885,89806401,89807211,89809207,89811366,89812991,89813238,89815066,89816137,89818545,89824984,89828356,89831297,89833548,89836244,89836573,89836971,89838085,89839678,89842149,89845208,89845350,89846276,89849266,89849414,89851261,89857810,89858334,89858878,89862313,89865573,89866012,89869666,89871687,89874701,89877114,89877336,89880927,89882284,89882944,	89805116,89805382,89805697,89805961,89806507,89807274,89809346,89811479,89813096,89813298,89815175,89816310,89818630,89825113,89828430,89831474,89833645,89836432,89836667,89837042,89838222,89839792,89842223,89845258,89845411,89846365,89849326,89849510,89851372,89857944,89858476,89858955,89862426,89865640,89866046,89869749,89871800,89874775,89877210,89877479,89881021,89882394,89883065,	0	FANCA	cmpl	cmpl	1,1,2,1,0,0,2,0,0,0,2,0,2,2,0,0,2,0,2,0,1,1,2,0,2,0,0,0,0,1,0,1,2,1,0,1,2,0,0,1,0,1,0,
698	NM_001324162	chrX	-	14861528	14891191	14861688	14883632	10	14861528,14862624,14862977,14868626,14871160,14875983,14877303,14882681,14887044,14891128,	14862103,14862862,14863408,14868796,14871289,14876076,14877456,14883702,14887165,14891191,	0	FANCB	cmpl	cmpl	2,1,2,0,0,0,0,0,-1,-1,
221	NM_001282626	chr1	+	156084460	156109880	156084709	156108897	12	156084460,156100407,156104193,156104595,156104977,156105691,156106004,156106711,156106903,156107444,156108278,156108870,	156085065,156100564,156104319,156104766,156105103,156105912,156106227,156106819,156107023,156107534,156108398,156109880,	0	LMNA	cmpl	cmpl	0,2,0,0,0,0,2,0,0,0,0,0,
221	NM_170707	chr1	+	156084460	156109880	156084709	156108897	12	156084460,156100407,156104193,156104595,156104977,156105691,156106004,156106711,156106903,156107444,156108278,156108870,	156085065,156100564,156104319,156104766,156105103,156105912,156106227,156106819,156107023,156107534,156108548,156109880,	0	LMNA	cmpl	cmpl	0,2,0,0,0,0,2,0,0,0,0,0,
138	NM_001317186	chr16	+	68771192	68869445	68857330	68867402	15	68771192,68772199,68835572,68842326,68842595,68844099,68845586,68846037,68847215,68849417,68855903,68857301,68862076,68863556,68867192,	68771366,68772314,68835796,68842470,68842751,68844244,68845762,68846166,68847398,68849662,68856128,68857529,68862207,68863700,68869445,	0	CDH1	cmpl	cmpl	-1,-1,-1,-1,-1,-1,-1,-1,-1,-1,-1,0,1,0,0,
670	NM_001195803	chr19	+	11200037	11244505	11200224	11241992	16	11200037,11210898,11213339,11217240,11218067,11221327,11222189,11223953,11224210,11226769,11227534,11230767,11233849,11238683,11240188,11241956,	11200291,11211021,11213462,11217363,11218190,11221447,11222315,11224125,11224438,11226888,11227674,11230909,11234020,11238761,11240346,11244505,	0	LDLR	cmpl	cmpl	0,1,1,1,1,1,1,1,2,2,1,0,1,1,1,0,
823	NM_004019	chrX	-	31196311	31285024	31196781	31284946	9	31196311,31198486,31200854,31222077,31224698,31227614,31241163,31279071,31284926,	31196922,31198598,31201021,31222235,31224784,31227816,31241238,31279133,31285024,	0	DMD	cmpl	cmpl	0,2,0,1,2,1,1,2,0,
951	NM_001281494	chr2	+	48011093	48034092	48026028	48033999	10	48011093,48018065,48023032,48025753,48030558,48032048,48032756,48033342,48033590,48033917,	48011244,48018262,48023202,48028294,48030824,48032166,48032846,48033497,48033790,48034092,	0	MSH6	cmpl	cmpl	-1,-1,-1,0,1,0,1,1,0,2,
951	NM_001281493	chr2	+	48010220	48034092	48026028	48033999	9	48010220,48018065,48025749,48030558,48032048,48032756,48033342,48033590,48033917,	48010632,48018262,48028294,48030824,48032166,48032846,48033497,48033790,48034092,	0	MSH6	cmpl	cmpl	-1,-1,0,1,0,1,1,0,2,
951	NM_001281492	chr2	+	48010220	48034092	48010372	48033999	8	48010220,48025749,48030558,48032048,48032756,48033342,48033590,48033917,	48010609,48028294,48030824,48032166,48032846,48033497,48033790,48034092,	0	MSH6	cmpl	cmpl	0,0,1,0,1,1,0,2,
299	NM_001035	chr1	+	237205701	237997288	237205821	237995947	105	237205701,237433796,237494177,237519264,237527657,237532833,237538016,237540622,237550580,237551386,237580348,237586391,237604618,237608700,237617690,237619899,237632391,237655105,237656253,237659810,237664010,237666588,237670009,237674987,237693726,237711730,237713843,237729866,237732444,237753092,237753939,237755038,237756775,237758797,237765324,237774061,237777338,237780585,237787064,237788960,237791106,237794726,237796877,237798188,237801656,237802314,237804196,237806626,237811743,237813176,237814710,237817573,237819120,237821243,237823284,237824109,237829811,237831182,237837395,237838030,237841347,237843755,237850754,237862264,237863528,237865277,237868512,237870248,237872157,237872779,237875044,237880497,237881761,237886427,237889572,237890386,237893559,237895345,237897004,237905595,237919587,237920996,237923075,237924254,237934106,237935311,237936819,237941965,237944864,237946974,237949268,237951287,237954728,237955404,237957166,237958588,237961336,237965155,237969436,237972200,237982335,237991680,237993829,237994813,237995851,	237205869,237433916,237494282,237519285,237527672,237532908,237538095,237540735,237550680,237551483,237580423,237586548,237604783,237608822,237617874,237620035,237632487,237655224,237656387,237660052,237664203,237666805,237670114,237675091,237693810,237711890,237713991,237730075,237732619,237753301,237754292,237755153,237756936,237758957,237765411,237774288,237778143,237780786,237787170,237789104,237791380,237794841,237797010,237798292,237801792,237802501,237804302,237806747,237811913,237813397,237814801,237817714,237819284,237821322,237823374,237824247,237829889,237831258,237837519,237838146,237841412,237843877,237850804,237862325,237863767,237865359,237868643,237870569,237872398,237872867,237875137,237880668,237881821,237886562,237889608,237890499,237893656,237895449,237897056,237905649,237919687,237921076,237923152,237924328,237934187,237935400,237936948,237942070,237944946,237948272,237949336,237951435,237954815,237955623,237957297,237958631,237961470,237965216,237969583,237972335,237982492,237991745,237993930,237994865,237997288,	0	RYR2	cmpl	cmpl	0,0,0,0,0,0,0,1,0,1,2,2,0,0,2,0,1,1,0,2,1,2,0,0,2,2,0,1,0,1,0,2,0,2,0,0,2,0,0,1,1,2,0,1,0,1,2,0,1,0,2,0,0,2,0,0,0,0,1,2,1,0,2,1,2,1,2,1,1,2,0,0,0,0,0,0,2,0,2,0,0,1,0,2,1,1,0,0,0,1,0,2,0,0,0,2,0,2,0,0,0,1,0,2,0,
166	NM_001243744	chr9	-	97872507	98079991	97873477	98011573	14	97872507,97873744,97876910,97879596,97887367,97888810,97897627,97912204,97933360,97934318,98002930,98009713,98011408,98079807,	97873627,97873919,97876992,97879672,97887467,97888863,97897784,97912369,97933425,97934429,98003025,98009798,98011651,98079991,	0	FANCC	cmpl	cmpl	0,2,1,0,2,0,2,2,0,0,1,0,0,-1,
78	NM_001322007	chr7	-	6010555	6048737	6013029	6043637	14	6010555,6017218,6018226,6022454,6026389,6029430,6031603,6035164,6036956,6038738,6042083,6043602,6045522,6048627,	6013173,6017388,6018327,6022622,6027251,6029586,6031688,6035264,6037054,6038906,6042267,6043689,6045662,6048737,	0	PMS2	cmpl	cmpl	0,1,2,2,1,1,0,2,0,0,2,0,-1,-1,
752	NM_058197	chr9	-	21967750	21974826	21974475	21974826	3	21967750,21970900,21974402,	21968241,21971207,21974826,	0	CDKN2A	cmpl	cmpl	-1,-1,0,
78	NM_001322005	chr7	-	6010555	6048659	6013029	6042215	15	6010555,6017218,6018226,6022454,6026389,6029430,6031603,6035164,6036956,6038738,6042083,6043320,6043602,6045522,6048437,	6013173,6017388,6018327,6022622,6027251,6029586,6031688,6035264,6037054,6038906,6042267,6043423,6043689,6045662,6048659,	0	PMS2	cmpl	cmpl	0,1,2,2,1,1,0,2,0,0,0,-1,-1,-1,-1,
601	NM_001318829	chr16	+	2097895	2138721	2100409	2138611	39	2097895,2100400,2103342,2104296,2105402,2106196,2106644,2107105,2108747,2110670,2111871,2112497,2112972,2114272,2115519,2120456,2121510,2121784,2122241,2122849,2124200,2125799,2126068,2126491,2129032,2129276,2129557,2130165,2131595,2133695,2134228,2134951,2135230,2136193,2136732,2137863,2138048,2138227,2138446,	2098066,2100487,2103453,2104441,2105520,2106245,2106770,2107179,2108874,2110814,2112009,2112601,2113054,2114428,2115636,2120579,2121617,2121935,2122364,2122984,2124390,2125893,2126171,2126586,2129197,2129429,2129670,2130378,2131799,2133817,2134716,2135027,2135323,2136380,2136872,2137942,2138140,2138326,2138721,	0	TSC2	cmpl	cmpl	-1,0,0,0,1,2,0,0,2,0,0,0,2,0,0,0,0,2,0,0,0,1,2,0,2,2,2,1,1,1,0,2,0,0,1,0,1,0,0,
2428	NM_000143	chr1	-	241660856	241683085	241661127	241683022	10	241660856,241663736,241665742,241667341,241669302,241671902,241675266,241676902,241680481,241682890,	241661270,241663890,241665870,241667545,241669468,241672085,241675443,241677013,241680616,241683085,	0	FH	cmpl	cmpl	1,0,1,1,0,0,0,0,0,0,
765	NM_024675	chr16	-	23614482	23652678	23614779	23652478	13	23614482,23619184,23625324,23632682,23634289,23635329,23637556,23640524,23640960,23646182,23649170,23649390,23652430,	23614990,23619333,23625412,23632799,23634451,23635415,23637718,23640596,23641790,23647655,23649273,23649450,23652678,	0	PALB2	cmpl	cmpl	2,0,2,2,2,0,0,0,1,1,0,0,0,
12	NM_000109	chrX	-	31137344	33357726	31140035	33357382	79	31137344,31144758,31152218,31164407,31165391,31187559,31190464,31191655,31196048,31196785,31198486,31200854,31222077,31224698,31227614,31241163,31279071,31341714,31366672,31462597,31496222,31497099,31514904,31525397,31645789,31676106,31697491,31747747,31792076,31838091,31854834,31893307,31947712,31950196,31986455,32235032,32305645,32328198,32360216,32361250,32364059,32366522,32380904,32382698,32383136,32398626,32404426,32407617,32408187,32429868,32456357,32459296,32466572,32472778,32481555,32482702,32486614,32490280,32503035,32509393,32519871,32536124,32563275,32583818,32591646,32591861,32613873,32632419,32662248,32663080,32715986,32717228,32827609,32834584,32841411,32862899,32867844,33038255,33357375,	31140047,31144790,31152311,31164531,31165635,31187718,31190530,31191721,31196087,31196922,31198598,31201021,31222235,31224784,31227816,31241238,31279133,31341775,31366751,31462744,31496491,31497220,31515061,31525570,31645979,31676261,31697703,31747865,31792309,31838200,31854939,31893490,31947862,31950344,31986631,32235180,32305818,32328393,32360399,32361403,32364197,32366645,32381075,32382827,32383316,32398797,32404582,32407791,32408298,32430030,32456507,32459431,32466755,32472949,32481711,32482816,32486827,32490426,32503216,32509635,32519959,32536248,32563451,32583998,32591754,32591963,32613993,32632570,32662430,32663269,32716115,32717410,32827728,32834757,32841504,32862977,32867937,33038317,33357726,	0	DMD	cmpl	cmpl	0,1,1,0,2,2,2,2,2,0,2,0,1,2,1,1,2,1,0,0,1,0,2,0,2,0,1,0,1,0,0,0,0,2,0,2,0,0,0,0,0,0,0,0,0,0,0,0,0,0,0,0,0,0,0,0,0,1,0,1,0,2,0,0,0,0,0,2,0,0,0,1,2,0,0,0,0,1,0,
82	NM_033084	chr3	+	10068070	10141344	10070341	10140634	43	10068070,10070308,10074515,10076152,10076378,10076856,10077970,10080962,10081404,10083306,10084242,10084733,10085167,10085512,10088263,10089600,10091057,10094070,10101977,10103834,10105475,10106039,10106412,10107077,10107547,10108892,10114554,10114936,10116213,10119764,10122783,10123029,10127495,10128817,10130132,10130511,10131975,10133864,10134968,10135972,10136883,10138009,10140403,	10068157,10070405,10074656,10076220,10076482,10076917,10078023,10081041,10081529,10083394,10084347,10084834,10085276,10085548,10088407,10089735,10091189,10094181,10102087,10103895,10105595,10106113,10106559,10107178,10107663,10109001,10114665,10115046,10116357,10119881,10122912,10123148,10127606,10128948,10130226,10130634,10132069,10133936,10135007,10136047,10136958,10138156,10141344,	0	FANCD2	cmpl	cmpl	-1,0,1,1,0,2,0,2,0,2,0,0,2,0,0,0,0,0,0,2,0,0,2,2,1,0,1,1,0,0,0,0,2,2,1,2,2,0,0,0,0,0,0,
1077	NM_130802	chr11	-	64570985	64578213	64571805	64577581	10	64570985,64572505,64573106,64573703,64574482,64574650,64575023,64575362,64577121,64577739,	64572288,64572670,64573242,64573840,64574570,64574691,64575152,64575571,64577604,64578213,	0	MEN1	cmpl	cmpl	0,0,2,0,2,0,0,1,0,-1,
1077	NM_130801	chr11	-	64570985	64578035	64571805	64577581	10	64570985,64572505,64573106,64573703,64574482,64574650,64575023,64575362,64577121,64577997,	64572288,64572670,64573242,64573840,64574570,64574691,64575152,64575571,64577604,64578035,	0	MEN1	cmpl	cmpl	0,0,2,0,2,0,0,1,0,-1,
867	NM_001167617	chr3	+	37035267	37092337	37042527	37092144	19	37035267,37038109,37042445,37045891,37048481,37050304,37053310,37053501,37055922,37058996,37061800,37067127,37070274,37081676,37083758,37089009,37090007,37090394,37091976,	37035381,37038200,37042539,37045965,37048554,37050396,37053353,37053590,37056035,37059090,37061954,37067498,37070423,37081785,37083822,37089174,37090100,37090508,37092337,	0	MLH1	cmpl	cmpl	-1,-1,0,0,2,0,2,0,2,1,2,0,2,1,2,0,0,0,0,
157	NM_004329	chr10	+	88516395	88684945	88635775	88683476	13	88516395,88598621,88635623,88649818,88651883,88659550,88659783,88671996,88676890,88678928,88681276,88683132,88683350,	88516676,88598736,88635842,88649981,88651986,88659647,88659883,88672141,88677083,88679226,88681452,88683263,88684945,	0	BMPR1A	cmpl	cmpl	-1,-1,0,1,2,0,1,2,0,1,2,1,0,
899	NM_007294	chr17	-	41196311	41277500	41197694	41276113	23	41196311,41199659,41201137,41203079,41209068,41215349,41215890,41219624,41222944,41226347,41228504,41234420,41242960,41243451,41247862,41249260,41251791,41256138,41256884,41258472,41267742,41276033,41277287,	41197819,41199720,41201211,41203134,41209152,41215390,41215968,41219712,41223255,41226538,41228631,41234592,41243049,41246877,41247939,41249306,41251897,41256278,41256973,41258550,41267796,41276132,41277500,	0	BRCA1	cmpl	cmpl	1,0,1,0,0,1,1,0,1,2,1,0,1,1,2,1,0,1,2,2,2,0,-1,
899	NM_007300	chr17	-	41196311	41277500	41197694	41276113	24	41196311,41199659,41201137,41203079,41209068,41215349,41215890,41219624,41222944,41226347,41228504,41231350,41234420,41242960,41243451,41247862,41249260,41251791,41256138,41256884,41258472,41267742,41276033,41277287,	41197819,41199720,41201211,41203134,41209152,41215390,41215968,41219712,41223255,41226538,41228628,41231416,41234592,41243049,41246877,41247939,41249306,41251897,41256278,41256973,41258550,41267796,41276132,41277500,	0	BRCA1	cmpl	cmpl	1,0,1,0,0,1,1,0,1,2,1,1,0,1,1,2,1,0,1,2,2,2,0,-1,
119	NM_000321	chr13	+	48877882	49056026	48878048	49054207	27	48877882,48881415,48916734,48919215,48921960,48923091,48934152,48936950,48939029,48941629,48942662,48947540,48951053,48953729,48954188,48954300,48955382,49027128,49030339,49033823,49037866,49039133,49039340,49047495,49050836,49051490,49054133,	48878185,48881542,48916850,48919335,48921999,48923159,48934263,48937093,48939107,48941739,48942740,48947628,48951170,48953786,48954220,48954377,48955579,49027247,49030485,49033969,49037971,49039247,49039504,49047526,49050979,49051540,49056026,	0	RB1	cmpl	cmpl	0,2,0,2,2,2,1,1,0,0,2,2,0,0,0,2,1,0,2,1,0,0,0,2,0,2,1,
12	NM_004011	chrX	-	31137344	32430371	31140035	32430326	51	31137344,31144758,31152218,31164407,31165391,31187559,31190464,31191655,31196048,31196785,31198486,31200854,31222077,31224698,31227614,31241163,31279071,31341714,31366672,31462597,31496222,31497099,31514904,31525397,31645789,31676106,31697491,31747747,31792076,31838091,31854834,31893307,31947712,31950196,31986455,32235032,32305645,32328198,32360216,32361250,32364059,32366522,32380904,32382698,32383136,32398626,32404426,32407617,32408187,32429868,32430278,	31140047,31144790,31152311,31164531,31165635,31187718,31190530,31191721,31196087,31196922,31198598,31201021,31222235,31224784,31227816,31241238,31279133,31341775,31366751,31462744,31496491,31497220,31515061,31525570,31645979,31676261,31697703,31747865,31792309,31838200,31854939,31893490,31947862,31950344,31986631,32235180,32305818,32328393,32360399,32361403,32364197,32366645,32381075,32382827,32383316,32398797,32404582,32407791,32408298,32430030,32430371,	0	DMD	cmpl	cmpl	0,1,1,0,2,2,2,2,2,0,2,0,1,2,1,1,2,1,0,0,1,0,2,0,2,0,1,0,1,0,0,0,0,2,0,2,0,0,0,0,0,0,0,0,0,0,0,0,0,0,0,
1815	NM_001278172	chr1	+	161284165	161334535	161284195	161332330	4	161284165,161293403,161310383,161332118,	161284215,161293460,161310445,161334535,	0	SDHC	cmpl	cmpl	0,2,2,1,
917	NM_020975	chr10	+	43572516	43625797	43572706	43623717	20	43572516,43595906,43597789,43600399,43601823,43604478,43606654,43607546,43608300,43609003,43609927,43612031,43613820,43614978,43615528,43617393,43619118,43620330,43622022,43623559,	43572779,43596170,43598077,43600641,43602019,43604678,43606913,43607672,43608411,43609123,43610184,43612179,43613928,43615193,43615651,43617464,43619256,43620430,43622170,43625797,	0	RET	cmpl	cmpl	0,1,1,1,0,1,0,1,1,1,1,0,1,1,0,0,2,2,0,1,
1077	NM_000244	chr11	-	64570985	64578188	64571805	64577581	10	64570985,64572505,64573106,64573703,64574482,64574650,64575023,64575362,64577121,64578101,	64572288,64572670,64573242,64573840,64574570,64574691,64575152,64575571,64577604,64578188,	0	MEN1	cmpl	cmpl	0,0,2,0,2,0,0,1,0,-1,
717	NM_003000	chr1	-	17345224	17380665	17345375	17380514	8	17345224,17349102,17350467,17354243,17355094,17359554,17371255,17380442,	17345453,17349225,17350569,17354360,17355231,17359640,17371383,17380665,	0	SDHB	cmpl	cmpl	0,0,0,0,1,2,0,0,
1815	NM_003001	chr1	+	161284165	161334535	161284195	161332223	6	161284165,161293403,161298185,161310383,161326466,161332118,	161284215,161293460,161298287,161310445,161326630,161334535,	0	SDHC	cmpl	cmpl	0,2,2,2,1,0,
138	NM_001317185	chr16	+	68771192	68869445	68849645	68867402	16	68771192,68772199,68835572,68842326,68842595,68844099,68845586,68846037,68847215,68849417,68853182,68855903,68857301,68862076,68863556,68867192,	68771366,68772314,68835796,68842470,68842751,68844244,68845762,68846166,68847465,68849662,68853328,68856128,68857529,68862207,68863700,68869445,	0	CDH1	cmpl	cmpl	-1,-1,-1,-1,-1,-1,-1,-1,-1,0,2,1,1,1,0,0,
75	NM_181798	chr11	+	2482683	2870340	2482939	2869233	16	2482683,2549157,2591857,2592554,2593242,2594075,2604664,2606441,2608799,2609942,2683190,2790073,2797189,2798215,2799205,2868996,	2482944,2549248,2591984,2592633,2593339,2594216,2604775,2606537,2608922,2610084,2683311,2790149,2797284,2798262,2799267,2870340,	0	KCNQ1	cmpl	cmpl	0,2,0,1,2,0,0,0,0,0,1,2,0,2,1,0,
601	NM_000548	chr16	+	2097895	2138721	2098616	2138611	42	2097895,2098587,2100400,2103342,2104296,2105402,2106196,2106644,2107105,2108747,2110670,2111871,2112497,2112972,2114272,2115519,2120456,2121510,2121784,2122241,2122849,2124200,2125799,2126068,2126491,2127598,2129032,2129276,2129557,2130165,2131595,2132436,2133695,2134228,2134951,2135230,2136193,2136732,2137863,2138048,2138227,2138446,	2098066,2098754,2100487,2103453,2104441,2105520,2106245,2106770,2107179,2108874,2110814,2112009,2112601,2113054,2114428,2115636,2120579,2121617,2121935,2122364,2122984,2124390,2125893,2126171,2126586,2127727,2129197,2129429,2129670,2130378,2131799,2132505,2133817,2134716,2135027,2135323,2136380,2136872,2137942,2138140,2138326,2138721,	0	TSC2	cmpl	cmpl	-1,0,0,0,0,1,2,0,0,2,0,0,0,2,0,0,0,0,2,0,0,0,1,2,0,2,2,2,2,1,1,1,1,0,2,0,0,1,0,1,0,0,
601	NM_001077183	chr16	+	2097895	2138721	2098616	2138611	40	2097895,2098587,2100400,2103342,2104296,2105402,2106196,2106644,2107105,2108747,2110670,2111871,2112497,2112972,2114272,2115519,2120456,2121510,2121784,2122241,2122849,2124200,2125799,2126068,2126491,2129035,2129276,2129557,2130165,2131595,2133695,2134228,2134951,2135230,2136193,2136732,2137863,2138048,2138227,2138446,	2098066,2098754,2100487,2103453,2104441,2105520,2106245,2106770,2107179,2108874,2110814,2112009,2112601,2113054,2114428,2115636,2120579,2121617,2121935,2122364,2122984,2124390,2125893,2126171,2126586,2129197,2129429,2129670,2130378,2131799,2133817,2134716,2135027,2135323,2136380,2136872,2137942,2138140,2138326,2138721,	0	TSC2	cmpl	cmpl	-1,0,0,0,0,1,2,0,0,2,0,0,0,2,0,0,0,0,2,0,0,0,1,2,0,2,2,2,1,1,1,0,2,0,0,1,0,1,0,0,
601	NM_001114382	chr16	+	2097895	2138721	2098616	2138611	41	2097895,2098587,2100400,2103342,2104296,2105402,2106196,2106644,2107105,2108747,2110670,2111871,2112497,2112972,2114272,2115519,2120456,2121510,2121784,2122241,2122849,2124200,2125799,2126068,2126491,2127598,2129032,2129276,2129557,2130165,2131595,2133695,2134228,2134951,2135230,2136193,2136732,2137863,2138048,2138227,2138446,	2098066,2098754,2100487,2103453,2104441,2105520,2106245,2106770,2107179,2108874,2110814,2112009,2112601,2113054,2114428,2115636,2120579,2121617,2121935,2122364,2122984,2124390,2125893,2126171,2126586,2127727,2129197,2129429,2129670,2130378,2131799,2133817,2134716,2135027,2135323,2136380,2136872,2137942,2138140,2138326,2138721,	0	TSC2	cmpl	cmpl	-1,0,0,0,0,1,2,0,0,2,0,0,0,2,0,0,0,0,2,0,0,0,1,2,0,2,2,2,2,1,1,1,0,2,0,0,1,0,1,0,0,
601	NM_001318831	chr16	+	2097895	2138721	2106197	2138611	38	2097895,2098587,2100400,2106196,2106644,2107105,2108747,2110670,2111871,2112497,2112972,2114272,2115519,2120456,2121510,2121784,2122241,2122849,2124200,2125799,2126068,2126491,2129035,2129276,2129557,2130165,2131595,2132436,2133695,2134228,2134951,2135230,2136193,2136732,2137863,2138048,2138227,2138446,	2098066,2098754,2100487,2106245,2106770,2107179,2108874,2110814,2112009,2112601,2113054,2114428,2115636,2120579,2121617,2121935,2122364,2122984,2124390,2125893,2126171,2126586,2129197,2129429,2129670,2130378,2131799,2132505,2133817,2134716,2135027,2135323,2136380,2136872,2137942,2138140,2138326,2138721,	0	TSC2	cmpl	cmpl	-1,-1,-1,0,0,0,2,0,0,0,2,0,0,0,0,2,0,0,0,1,2,0,2,2,2,1,1,1,1,0,2,0,0,1,0,1,0,0,
78	NR_136154	chr7	-	6010555	6048737	6048737	6048737	15	6010555,6017218,6018226,6022454,6026389,6029430,6031603,6035164,6036956,6038738,6042083,6043320,6043602,6045522,6048627,	6013173,6017345,6018327,6022622,6027251,6029586,6031688,6035264,6037054,6038906,6042267,6043423,6043689,6045662,6048737,	0	PMS2	unk	unk	-1,-1,-1,-1,-1,-1,-1,-1,-1,-1,-1,-1,-1,-1,-1,
752	NM_000077	chr9	-	21967750	21975132	21968227	21974826	3	21967750,21970900,21974676,	21968241,21971207,21975132,	0	CDKN2A	cmpl	cmpl	1,0,0,
642	NM_001319034	chr6	+	7541807	7586950	7542148	7586111	24	7541807,7555950,7558348,7559458,7562884,7563968,7565591,7566609,7567586,7568013,7568669,7569418,7570669,7571615,7572074,7574318,7574889,7575527,7576526,7577191,7578011,7578696,7579507,7582874,	7542318,7556053,7558497,7559633,7563013,7564019,7565753,7566714,7567682,7568139,7568822,7569573,7570796,7571817,7572301,7574485,7575028,7575721,7576689,7577275,7578119,7578795,7580473,7586950,	0	DSP	cmpl	cmpl	0,2,0,2,0,0,0,0,0,0,0,0,2,0,1,0,2,0,2,0,0,0,0,0,
899	NM_007297	chr17	-	41196311	41277468	41197694	41258543	22	41196311,41199659,41201137,41203079,41209068,41215349,41215890,41219624,41222944,41226347,41228504,41234420,41242960,41243451,41247862,41249260,41251791,41256138,41256884,41258472,41276033,41277293,	41197819,41199720,41201211,41203134,41209152,41215390,41215968,41219712,41223255,41226538,41228631,41234592,41243049,41246877,41247939,41249306,41251897,41256278,41256973,41258550,41276132,41277468,	0	BRCA1	cmpl	cmpl	1,0,1,0,0,1,1,0,1,2,1,0,1,1,2,1,0,1,2,0,-1,-1,
601	NM_001318832	chr16	+	2098202	2138721	2098270	2138611	40	2098202,2098587,2100400,2103342,2104296,2105402,2106196,2106644,2107105,2108747,2110670,2111871,2112497,2112972,2114272,2115519,2120456,2121510,2121784,2122241,2122849,2124200,2125799,2126068,2126491,2129035,2129276,2129557,2130165,2131595,2133695,2134228,2134951,2135230,2136193,2136732,2137863,2138048,2138227,2138446,	2098274,2098754,2100487,2103453,2104441,2105520,2106245,2106770,2107179,2108874,2110814,2112009,2112601,2113054,2114428,2115636,2120579,2121617,2121935,2122364,2122984,2124390,2125893,2126171,2126586,2129197,2129429,2129670,2130378,2131799,2133817,2134716,2135027,2135323,2136380,2136872,2137942,2138140,2138326,2138721,	0	TSC2	cmpl	cmpl	0,1,0,0,0,1,2,0,0,2,0,0,0,2,0,0,0,0,2,0,0,0,1,2,0,2,2,2,1,1,1,0,2,0,0,1,0,1,0,0,
221	NM_005572	chr1	+	156084460	156107657	156084709	156107555	10	156084460,156100407,156104193,156104595,156104977,156105691,156106004,156106711,156106903,156107444,	156085065,156100564,156104319,156104766,156105103,156105912,156106227,156106819,156107023,156107657,	0	LMNA	cmpl	cmpl	0,2,0,0,0,0,2,0,0,0,
642	NM_001126115	chr17	-	7571719	7578811	7572926	7578533	7	7571719,7573926,7576852,7577018,7577498,7578176,7578370,	7573008,7574033,7576926,7577155,7577608,7578289,7578811,	0	TP53	cmpl	cmpl	2,0,1,2,0,1,0,
642	NM_001126116	chr17	-	7571719	7578811	7576624	7578533	8	7571719,7573926,7576524,7576852,7577018,7577498,7578176,7578370,	7573008,7574033,7576657,7576926,7577155,7577608,7578289,7578811,	0	TP53	cmpl	cmpl	-1,-1,0,1,2,0,1,0,
642	NM_001126117	chr17	-	7571719	7578811	7576536	7578533	8	7571719,7573926,7576524,7576852,7577018,7577498,7578176,7578370,	7573008,7574033,7576584,7576926,7577155,7577608,7578289,7578811,	0	TP53	cmpl	cmpl	-1,-1,0,1,2,0,1,0,
642	NM_001276697	chr17	-	7571719	7578811	7572926	7578452	7	7571719,7573926,7576852,7577018,7577498,7578176,7578370,	7573008,7574033,7576926,7577155,7577608,7578289,7578811,	0	TP53	cmpl	cmpl	2,0,1,2,0,1,0,
642	NM_001276698	chr17	-	7571719	7578811	7576624	7578452	8	7571719,7573926,7576524,7576852,7577018,7577498,7578176,7578370,	7573008,7574033,7576657,7576926,7577155,7577608,7578289,7578811,	0	TP53	cmpl	cmpl	-1,-1,0,1,2,0,1,0,
642	NM_001276699	chr17	-	7571719	7578811	7576536	7578452	8	7571719,7573926,7576524,7576852,7577018,7577498,7578176,7578370,	7573008,7574033,7576584,7576926,7577155,7577608,7578289,7578811,	0	TP53	cmpl	cmpl	-1,-1,0,1,2,0,1,0,
642	NM_000546	chr17	-	7571719	7590868	7572926	7579912	11	7571719,7573926,7576852,7577018,7577498,7578176,7578370,7579311,7579699,7579838,7590694,	7573008,7574033,7576926,7577155,7577608,7578289,7578554,7579590,7579721,7579940,7590868,	0	TP53	cmpl	cmpl	2,0,1,2,0,1,0,0,2,0,-1,
642	NM_001126112	chr17	-	7571719	7590868	7572926	7579912	11	7571719,7573926,7576852,7577018,7577498,7578176,7578370,7579311,7579699,7579838,7590694,	7573008,7574033,7576926,7577155,7577608,7578289,7578554,7579590,7579721,7579937,7590868,	0	TP53	cmpl	cmpl	2,0,1,2,0,1,0,0,2,0,-1,
642	NM_001126113	chr17	-	7571719	7590868	7576536	7579912	12	7571719,7573926,7576524,7576852,7577018,7577498,7578176,7578370,7579311,7579699,7579838,7590694,	7573008,7574033,7576584,7576926,7577155,7577608,7578289,7578554,7579590,7579721,7579940,7590868,	0	TP53	cmpl	cmpl	-1,-1,0,1,2,0,1,0,0,2,0,-1,
642	NM_001126114	chr17	-	7571719	7590868	7576624	7579912	12	7571719,7573926,7576524,7576852,7577018,7577498,7578176,7578370,7579311,7579699,7579838,7590694,	7573008,7574033,7576657,7576926,7577155,7577608,7578289,7578554,7579590,7579721,7579940,7590868,	0	TP53	cmpl	cmpl	-1,-1,0,1,2,0,1,0,0,2,0,-1,
642	NM_001126118	chr17	-	7571719	7590868	7572926	7579569	10	7571719,7573926,7576852,7577018,7577498,7578176,7578370,7579311,7579699,7590694,	7573008,7574033,7576926,7577155,7577608,7578289,7578554,7579590,7579940,7590868,	0	TP53	cmpl	cmpl	2,0,1,2,0,1,0,0,-1,-1,
642	NM_001276695	chr17	-	7571719	7590868	7576536	7579569	12	7571719,7573926,7576524,7576852,7577018,7577498,7578176,7578370,7579311,7579699,7579838,7590694,	7573008,7574033,7576584,7576926,7577155,7577608,7578289,7578554,7579590,7579721,7579940,7590868,	0	TP53	cmpl	cmpl	-1,-1,0,1,2,0,1,0,0,-1,-1,-1,
642	NM_001276696	chr17	-	7571719	7590868	7576624	7579569	12	7571719,7573926,7576524,7576852,7577018,7577498,7578176,7578370,7579311,7579699,7579838,7590694,	7573008,7574033,7576657,7576926,7577155,7577608,7578289,7578554,7579590,7579721,7579940,7590868,	0	TP53	cmpl	cmpl	-1,-1,0,1,2,0,1,0,0,-1,-1,-1,
642	NM_001276760	chr17	-	7571719	7590868	7572926	7579569	11	7571719,7573926,7576852,7577018,7577498,7578176,7578370,7579311,7579699,7579838,7590694,	7573008,7574033,7576926,7577155,7577608,7578289,7578554,7579590,7579721,7579940,7590868,	0	TP53	cmpl	cmpl	2,0,1,2,0,1,0,0,-1,-1,-1,
642	NM_001276761	chr17	-	7571719	7590868	7572926	7579569	11	7571719,7573926,7576852,7577018,7577498,7578176,7578370,7579311,7579699,7579838,7590694,	7573008,7574033,7576926,7577155,7577608,7578289,7578554,7579590,7579721,7579937,7590868,	0	TP53	cmpl	cmpl	2,0,1,2,0,1,0,0,-1,-1,-1,
1511	NM_004281	chr10	+	121410881	121437329	121411187	121436794	4	121410881,121429362,121431766,121435975,	121411367,121429689,121432168,121437329,	0	BAG3	cmpl	cmpl	0,0,0,0,
221	NM_170708	chr1	+	156084460	156109880	156084709	156108897	11	156084460,156100407,156104193,156104595,156104977,156105691,156106004,156106711,156106903,156108278,156108870,	156085065,156100564,156104319,156104766,156105103,156105912,156106227,156106819,156107023,156108548,156109880,	0	LMNA	cmpl	cmpl	0,2,0,0,0,0,2,0,0,0,0,
101	NM_000267	chr17	+	29421944	29704695	29422327	29701173	57	29421944,29483000,29486027,29490203,29496908,29508439,29508727,29509525,29527439,29528054,29528428,29533257,29541468,29546022,29548867,29550461,29552112,29553452,29554235,29554540,29556042,29556852,29557277,29557859,29559090,29559717,29560019,29562628,29562935,29576001,29585361,29586049,29587386,29588728,29592246,29652837,29654516,29657313,29661855,29663350,29663652,29664385,29664836,29665042,29665721,29667522,29670026,29676137,29677200,29679274,29683477,29683977,29684286,29685497,29685986,29687504,29701030,	29422387,29483144,29486111,29490394,29497015,29508507,29508803,29509683,29527613,29528177,29528503,29533389,29541603,29546136,29548947,29550585,29552268,29553702,29554309,29554624,29556483,29556992,29557400,29557943,29559207,29559899,29560231,29562790,29563039,29576137,29585520,29586147,29587533,29588875,29592357,29653270,29654857,29657516,29662049,29663491,29663932,29664600,29664898,29665157,29665823,29667663,29670153,29676269,29677336,29679432,29683600,29684108,29684387,29685640,29686033,29687721,29704695,	0	NF1	cmpl	cmpl	0,0,0,0,2,1,0,1,0,0,0,0,0,0,0,2,0,0,1,0,0,0,2,2,2,2,1,0,0,2,0,0,2,2,2,2,0,2,1,0,0,1,0,2,0,0,0,1,1,2,1,1,0,2,1,0,1,
78	NM_001322015	chr7	-	6010555	6048737	6013029	6042311	15	6010555,6017218,6018226,6022454,6026389,6029430,6031603,6035164,6036956,6038738,6042083,6043320,6043602,6045522,6048627,	6013173,6017388,6018327,6022622,6027251,6029586,6031688,6035264,6037054,6038906,6042442,6043423,6043689,6045657,6048737,	0	PMS2	cmpl	cmpl	0,1,2,2,1,1,0,2,0,0,0,-1,-1,-1,-1,
1077	NM_130803	chr11	-	64570985	64578766	64571805	64577581	10	64570985,64572505,64573106,64573703,64574482,64574650,64575023,64575362,64577121,64578285,	64572288,64572670,64573242,64573840,64574570,64574691,64575152,64575571,64577604,64578766,	0	MEN1	cmpl	cmpl	0,0,2,0,2,0,0,1,0,-1,
136	NM_001278433	chr17	+	66409763	66529570	66511540	66526590	11	66409763,66511534,66518896,66519865,66520156,66521052,66521894,66523980,66525010,66526060,66526417,	66409936,66511717,66519067,66519957,66520218,66521099,66522053,66524041,66525132,66526142,66529570,	0	PRKAR1A	cmpl	cmpl	-1,0,0,0,2,1,0,0,1,0,1,
1092	NM_212471	chr17	+	66507920	66529570	66511540	66526590	11	66507920,66511534,66518896,66519865,66520156,66521052,66521894,66523980,66525010,66526060,66526417,	66508283,66511717,66519067,66519957,66520218,66521099,66522053,66524041,66525132,66526142,66529570,	0	PRKAR1A	cmpl	cmpl	-1,0,0,0,2,1,0,0,1,0,1,
1092	NM_001276289	chr17	+	66508519	66529570	66511540	66526590	12	66508519,66511127,66511534,66518896,66519865,66520156,66521052,66521894,66523980,66525010,66526060,66526417,	66508689,66511260,66511717,66519067,66519957,66520218,66521099,66522053,66524041,66525132,66526142,66529570,	0	PRKAR1A	cmpl	cmpl	-1,-1,0,0,0,2,1,0,0,1,0,1,
1092	NM_002734	chr17	+	66508519	66529570	66511540	66526590	11	66508519,66511534,66518896,66519865,66520156,66521052,66521894,66523980,66525010,66526060,66526417,	66508689,66511717,66519067,66519957,66520218,66521099,66522053,66524041,66525132,66526142,66529570,	0	PRKAR1A	cmpl	cmpl	-1,0,0,0,2,1,0,0,1,0,1,
1092	NM_212472	chr17	+	66508519	66529570	66511540	66526590	11	66508519,66511534,66518896,66519865,66520156,66521052,66521894,66523980,66525010,66526060,66526417,	66508720,66511717,66519067,66519957,66520218,66521099,66522053,66524041,66525132,66526142,66529570,	0	PRKAR1A	cmpl	cmpl	-1,0,0,0,2,1,0,0,1,0,1,
1092	NM_001276290	chr17	+	66511534	66547457	66511540	66547265	10	66511534,66518896,66519865,66520156,66521052,66521894,66523980,66525010,66526060,66547224,	66511717,66519067,66519957,66520218,66521099,66522053,66524041,66525132,66526142,66547457,	0	PRKAR1A	cmpl	cmpl	0,0,0,2,1,0,0,1,0,1,
1105	NM_000891	chr17	+	68165675	68176183	68171180	68172464	2	68165675,68170964,	68165842,68176183,	0	KCNJ2	cmpl	cmpl	-1,0,
1270	NM_000135	chr16	-	89803958	89883065	89805008	89883023	43	89803958,89805289,89805540,89805885,89806401,89807211,89809207,89811366,89812991,89813238,89815066,89816137,89818545,89824984,89828356,89831297,89833548,89836244,89836573,89836971,89838085,89839678,89842149,89845208,89845350,89846276,89849266,89849414,89851261,89857810,89858334,89858878,89862313,89865573,89866012,89869666,89871687,89874701,89877114,89877336,89880927,89882284,89882944,	89805116,89805382,89805697,89805961,89806507,89807274,89809346,89811479,89813096,89813298,89815175,89816310,89818630,89825113,89828430,89831474,89833645,89836432,89836667,89837042,89838222,89839792,89842223,89845258,89845411,89846365,89849326,89849510,89851372,89857944,89858476,89858955,89862426,89865640,89866046,89869749,89871800,89874775,89877210,89877479,89881021,89882394,89883065,	0	FANCA	cmpl	cmpl	0,0,2,1,0,0,2,0,0,0,2,0,2,2,0,0,2,0,2,0,1,1,2,0,2,0,0,0,0,1,0,1,2,1,0,1,2,0,0,1,0,1,0,
642	NM_004415	chr6	+	7541807	7586950	7542148	7586111	24	7541807,7555950,7558348,7559458,7562884,7563968,7565591,7566609,7567586,7568013,7568669,7569418,7570669,7571615,7572074,7574318,7574889,7575527,7576526,7577191,7578011,7578696,7579507,7582874,	7542318,7556053,7558497,7559633,7563013,7564019,7565753,7566714,7567682,7568139,7568822,7569573,7570796,7571817,7572301,7574485,7575028,7575721,7576689,7577275,7578119,7578795,7581802,7586950,	0	DSP	cmpl	cmpl	0,2,0,2,0,0,0,0,0,0,0,0,2,0,1,0,2,0,2,0,0,0,0,0,
670	NM_000527	chr19	+	11200037	11244505	11200224	11241992	18	11200037,11210898,11213339,11215895,11217240,11218067,11221327,11222189,11223953,11224210,11226769,11227534,11230767,11231045,11233849,11238683,11240188,11241956,	11200291,11211021,11213462,11216276,11217363,11218190,11221447,11222315,11224125,11224438,11226888,11227674,11230909,11231198,11234020,11238761,11240346,11244505,	0	LDLR	cmpl	cmpl	0,1,1,1,1,1,1,1,1,2,2,1,0,1,1,1,1,0,
102	NM_004018	chrX	-	31137344	31285024	31139949	31284946	16	31137344,31152218,31164407,31165391,31187559,31190464,31191655,31196785,31198486,31200854,31222077,31224698,31227614,31241163,31279071,31284926,	31140047,31152311,31164531,31165635,31187718,31190530,31191721,31196922,31198598,31201021,31222235,31224784,31227816,31241238,31279133,31285024,	0	DMD	cmpl	cmpl	1,1,0,2,2,2,2,0,2,0,1,2,1,1,2,0,
78	NM_001322004	chr7	-	6010555	6048737	6013029	6042215	14	6010555,6017218,6018226,6022454,6026389,6029430,6031603,6035164,6036956,6038738,6042083,6043320,6043602,6048627,	6013173,6017388,6018327,6022622,6027251,6029586,6031688,6035264,6037054,6038906,6042267,6043423,6043689,6048737,	0	PMS2	cmpl	cmpl	0,1,2,2,1,1,0,2,0,0,0,-1,-1,-1,
1439	NM_001276504	chr11	+	111957547	111966525	111957631	111965694	3	111957547,111959590,111965528,	111957683,111959735,111966525,	0	SDHD	cmpl	cmpl	0,1,2,
100	NM_145862	chr22	-	29083730	29137822	29083884	29130709	14	29083730,29085122,29090019,29091114,29091697,29095825,29099492,29105993,29107896,29115382,29120964,29121230,29130390,29137756,	29083974,29085203,29090105,29091230,29091861,29095925,29099554,29106047,29108005,29115473,29121112,29121355,29130715,29137822,	0	CHEK2	cmpl	cmpl	0,0,1,2,0,2,0,0,2,1,0,1,0,-1,
1077	NM_130799	chr11	-	64570985	64578188	64571805	64577581	10	64570985,64572505,64573106,64573703,64574482,64574650,64575023,64575362,64577136,64578101,	64572288,64572670,64573242,64573840,64574570,64574691,64575152,64575571,64577604,64578188,	0	MEN1	cmpl	cmpl	0,0,2,0,2,0,0,1,0,-1,
78	NM_001322003	chr7	-	6010555	6048737	6013029	6042215	15	6010555,6017218,6018226,6022454,6026389,6029430,6031603,6035164,6036956,6038738,6042083,6043320,6043602,6045522,6048627,	6013173,6017388,6018327,6022622,6027251,6029586,6031688,6035264,6037054,6038906,6042267,6043423,6043689,6045657,6048737,	0	PMS2	cmpl	cmpl	0,1,2,2,1,1,0,2,0,0,0,-1,-1,-1,-1,
1018	NM_058216	chr17	+	56769933	56811703	56770004	56811583	9	56769933,56772291,56774053,56780556,56787219,56798106,56801400,56809844,56811478,	56770149,56772550,56774220,56780690,56787351,56798173,56801461,56809905,56811703,	0	RAD51C	cmpl	cmpl	0,1,2,1,0,0,1,2,0,
867	NM_001167619	chr3	+	37035267	37092337	37055968	37092144	18	37035267,37038109,37042445,37045891,37048481,37053310,37053501,37055922,37058996,37061800,37067127,37070274,37081676,37083758,37089009,37090007,37090394,37091976,	37035381,37038200,37042544,37045965,37048554,37053353,37053590,37056035,37059090,37061954,37067498,37070423,37081785,37083822,37089174,37090100,37090508,37092337,	0	MLH1	cmpl	cmpl	-1,-1,-1,-1,-1,-1,-1,0,1,2,0,2,1,2,0,0,0,0,
78	NM_001322014	chr7	-	6010555	6048737	6013029	6048650	15	6010555,6017218,6018226,6022454,6026389,6029430,6031603,6035164,6036956,6038738,6042083,6043320,6043602,6045522,6048627,	6013173,6017421,6018327,6022622,6027251,6029586,6031688,6035264,6037054,6038906,6042267,6043423,6043689,6045662,6048737,	0	PMS2	cmpl	cmpl	0,1,2,2,1,1,0,2,0,0,2,1,1,2,0,
78	NM_001322011	chr7	-	6010555	6048737	6013029	6031658	15	6010555,6017218,6018226,6022454,6026389,6029430,6031603,6035164,6036956,6038738,6042083,6043320,6043602,6045522,6048627,	6013173,6017388,6018327,6022622,6027251,6029586,6031688,6035264,6037054,6038857,6042267,6043423,6043689,6045662,6048737,	0	PMS2	cmpl	cmpl	0,1,2,2,1,1,0,-1,-1,-1,-1,-1,-1,-1,-1,
78	NM_001322012	chr7	-	6010555	6048737	6013029	6031658	15	6010555,6017218,6018226,6022454,6026389,6029430,6031603,6035164,6036956,6038738,6042083,6043320,6043602,6045522,6048627,	6013173,6017388,6018327,6022622,6027251,6029586,6031688,6035264,6037054,6038857,6042267,6043423,6043689,6045657,6048737,	0	PMS2	cmpl	cmpl	0,1,2,2,1,1,0,-1,-1,-1,-1,-1,-1,-1,-1,
1018	NM_002876	chr17	+	56769933	56772741	56770004	56772554	2	56769933,56772291,	56770149,56772741,	0	RAD51C	cmpl	cmpl	0,1,
867	NM_000249	chr3	+	37034840	37092337	37035038	37092144	19	37034840,37038109,37042445,37045891,37048481,37050304,37053310,37053501,37055922,37058996,37061800,37067127,37070274,37081676,37083758,37089009,37090007,37090394,37091976,	37035154,37038200,37042544,37045965,37048554,37050396,37053353,37053590,37056035,37059090,37061954,37067498,37070423,37081785,37083822,37089174,37090100,37090508,37092337,	0	MLH1	cmpl	cmpl	0,2,0,0,2,0,2,0,2,1,2,0,2,1,2,0,0,0,0,
867	NM_001258271	chr3	+	37034840	37092337	37035038	37092144	17	37034840,37038109,37042445,37045891,37048481,37050304,37053310,37053501,37055922,37058996,37061800,37067127,37070274,37081676,37083758,37089009,37091976,	37035154,37038200,37042544,37045965,37048554,37050396,37053353,37053590,37056035,37059090,37061954,37067498,37070423,37081785,37083822,37089174,37092337,	0	MLH1	cmpl	cmpl	0,2,0,0,2,0,2,0,2,1,2,0,2,1,2,0,0,
82	NM_001319984	chr3	+	10068151	10143621	10070341	10142946	44	10068151,10070308,10074515,10076152,10076378,10076856,10077970,10080962,10081404,10083306,10084242,10084733,10085167,10085512,10088263,10089600,10091057,10094070,10101977,10103834,10105475,10106039,10106412,10107077,10107547,10108892,10114554,10114936,10116213,10119764,10122783,10123029,10127495,10128817,10130132,10130511,10131975,10133864,10134968,10135972,10136883,10138009,10140403,10142871,	10068310,10070405,10074656,10076220,10076482,10076917,10078023,10081041,10081529,10083394,10084347,10084834,10085276,10085548,10088407,10089735,10091189,10094181,10102087,10103895,10105595,10106113,10106559,10107178,10107663,10109001,10114665,10115046,10116357,10119881,10122912,10123148,10127606,10128948,10130226,10130634,10132069,10133936,10135007,10136047,10136958,10138156,10140499,10143621,	0	FANCD2	cmpl	cmpl	-1,0,1,1,0,2,0,2,0,2,0,0,2,0,0,0,0,0,0,2,0,0,2,2,1,0,1,1,0,0,0,0,2,2,1,2,2,0,0,0,0,0,0,0,
166	NM_000136	chr9	-	97861335	98079991	97863988	98011573	15	97861335,97869347,97873744,97876910,97879596,97887367,97888810,97897627,97912204,97933360,97934318,98002930,98009713,98011408,98079807,	97864132,97869551,97873919,97876992,97879672,97887467,97888863,97897784,97912369,97933425,97934429,98003025,98009798,98011651,98079991,	0	FANCC	cmpl	cmpl	0,0,2,1,0,2,0,2,2,0,0,1,0,0,-1,
670	NM_001195798	chr19	+	11200037	11244505	11200224	11241992	18	11200037,11210898,11213339,11215895,11217240,11218067,11221327,11222189,11223953,11224210,11226769,11227534,11230767,11231045,11233849,11238683,11240188,11241962,	11200291,11211021,11213462,11216276,11217363,11218190,11221447,11222315,11224125,11224438,11226888,11227674,11230909,11231198,11234020,11238761,11240346,11244505,	0	LDLR	cmpl	cmpl	0,1,1,1,1,1,1,1,1,2,2,1,0,1,1,1,1,0,
769	NM_001007468	chr22	+	24129117	24176705	24129356	24176367	9	24129117,24133942,24135745,24143130,24145481,24158956,24167411,24175758,24176327,	24129449,24134054,24135875,24143268,24145609,24159123,24167602,24175890,24176705,	0	SMARCB1	cmpl	cmpl	0,0,1,2,2,1,0,2,2,
769	NM_003073	chr22	+	24129117	24176705	24129356	24176367	9	24129117,24133942,24135745,24143130,24145481,24158956,24167411,24175758,24176327,	24129449,24134081,24135875,24143268,24145609,24159123,24167602,24175890,24176705,	0	SMARCB1	cmpl	cmpl	0,0,1,2,2,1,0,2,2,
100	NM_001005735	chr22	-	29083730	29137822	29083884	29130709	16	29083730,29085122,29090019,29091114,29091697,29092888,29095825,29099492,29105993,29107896,29115382,29120964,29121230,29126407,29130390,29137756,	29083974,29085203,29090105,29091230,29091861,29092975,29095925,29099554,29106047,29108005,29115473,29121112,29121355,29126536,29130715,29137822,	0	CHEK2	cmpl	cmpl	0,0,1,2,0,0,2,0,0,2,1,0,1,1,0,-1,
100	NM_001257387	chr22	-	29083730	29137822	29083884	29115402	16	29083730,29085122,29090019,29091114,29091697,29092888,29095825,29099492,29105993,29107896,29115382,29117505,29120964,29121230,29130390,29137756,	29083974,29085203,29090105,29091230,29091861,29092975,29095925,29099554,29106047,29108005,29115473,29117619,29121112,29121355,29130715,29137822,	0	CHEK2	cmpl	cmpl	0,0,1,2,0,0,2,0,0,2,0,-1,-1,-1,-1,-1,
221	NM_001282624	chr1	+	156095907	156107657	156096593	156107555	11	156095907,156096526,156100407,156104193,156104595,156104977,156105691,156106004,156106711,156106903,156107444,	156096014,156096706,156100564,156104319,156104766,156105103,156105912,156106227,156106819,156107023,156107657,	0	LMNA	cmpl	cmpl	-1,0,2,0,0,0,0,2,0,0,0,
662	NM_000551	chr3	+	10183318	10195354	10183531	10191649	3	10183318,10188197,10191470,	10183871,10188320,10195354,	0	VHL	cmpl	cmpl	0,1,1,
662	NM_198156	chr3	+	10183318	10195354	10183531	10191649	2	10183318,10191470,	10183871,10195354,	0	VHL	cmpl	cmpl	0,1,
138	NM_004360	chr16	+	68771192	68869445	68771318	68867402	16	68771192,68772199,68835572,68842326,68842595,68844099,68845586,68846037,68847215,68849417,68853182,68855903,68857301,68862076,68863556,68867192,	68771366,68772314,68835796,68842470,68842751,68844244,68845762,68846166,68847398,68849662,68853328,68856128,68857529,68862207,68863700,68869445,	0	CDH1	cmpl	cmpl	0,0,1,0,0,0,1,0,0,0,2,1,1,1,0,0,
75	NM_000218	chr11	+	2466220	2870340	2466328	2869233	16	2466220,2549157,2591857,2592554,2593242,2594075,2604664,2606441,2608799,2609942,2683190,2790073,2797189,2798215,2799205,2868996,	2466714,2549248,2591984,2592633,2593339,2594216,2604775,2606537,2608922,2610084,2683311,2790149,2797284,2798262,2799267,2870340,	0	KCNQ1	cmpl	cmpl	0,2,0,1,2,0,0,0,0,0,1,2,0,2,1,0,
917	NM_020630	chr10	+	43572516	43622952	43572706	43622202	19	43572516,43595906,43597789,43600399,43601823,43604478,43606654,43607546,43608300,43609003,43609927,43612031,43613820,43614978,43615528,43617393,43619118,43620330,43622022,	43572779,43596170,43598077,43600641,43602019,43604678,43606913,43607672,43608411,43609123,43610184,43612179,43613928,43615193,43615651,43617464,43619256,43620430,43622952,	0	RET	cmpl	cmpl	0,1,1,1,0,1,0,1,1,1,1,0,1,1,0,0,2,2,0,
104	NM_000059	chr13	+	32889616	32973809	32890597	32972907	27	32889616,32890558,32893213,32899212,32900237,32900378,32900635,32903579,32905055,32906408,32910401,32918694,32920963,32928997,32930564,32931878,32936659,32937315,32944538,32945092,32950806,32953453,32953886,32954143,32968825,32971034,32972298,	32889804,32890664,32893462,32899321,32900287,32900419,32900750,32903629,32905167,32907524,32915333,32918790,32921033,32929425,32930746,32932066,32936830,32937670,32944694,32945237,32950928,32953652,32954050,32954282,32969070,32971181,32973809,	0	BRCA2	cmpl	cmpl	-1,0,1,1,2,1,0,1,0,1,1,1,1,2,1,0,2,2,0,0,1,0,1,0,1,0,0,
12	NM_004022	chrX	-	31137344	32173586	31139949	31792238	34	31137344,31152218,31164407,31165391,31187559,31190464,31191655,31196785,31198486,31200854,31222077,31224698,31227614,31241163,31279071,31341714,31366672,31462597,31496222,31497099,31514904,31525397,31645789,31676106,31697491,31747747,31792076,31838091,31854834,31893307,31947712,31950196,31986455,32173487,	31140047,31152311,31164531,31165635,31187718,31190530,31191721,31196922,31198598,31201021,31222235,31224784,31227816,31241238,31279133,31341775,31366751,31462744,31496491,31497220,31515061,31525570,31645979,31676261,31697703,31747865,31792309,31838200,31854939,31893490,31947862,31950344,31986631,32173586,	0	DMD	cmpl	cmpl	1,1,0,2,2,2,2,0,2,0,1,2,1,1,2,1,0,0,1,0,2,0,2,0,1,0,0,-1,-1,-1,-1,-1,-1,-1,
1439	NR_077060	chr11	+	111957547	111966525	111966525	111966525	5	111957547,111958580,111959590,111961802,111965528,	111957683,111958697,111959735,111961856,111966525,	0	SDHD	unk	unk	-1,-1,-1,-1,-1,
143	NM_007318	chr14	+	73603142	73690399	73614727	73685997	12	73603142,73614502,73614674,73637504,73640273,73653560,73659351,73664738,73673093,73678476,73683833,73685841,	73603291,73614584,73614802,73637755,73640415,73653628,73659572,73664837,73673180,73678650,73683952,73690399,	0	PSEN1	cmpl	cmpl	-1,-1,0,0,2,0,2,1,1,1,1,0,
12	NM_004013	chrX	-	31137344	32173586	31140035	31792238	36	31137344,31144758,31152218,31164407,31165391,31187559,31190464,31191655,31196048,31196785,31198486,31200854,31222077,31224698,31227614,31241163,31279071,31341714,31366672,31462597,31496222,31497099,31514904,31525397,31645789,31676106,31697491,31747747,31792076,31838091,31854834,31893307,31947712,31950196,31986455,32173487,	31140047,31144790,31152311,31164531,31165635,31187718,31190530,31191721,31196087,31196922,31198598,31201021,31222235,31224784,31227816,31241238,31279133,31341775,31366751,31462744,31496491,31497220,31515061,31525570,31645979,31676261,31697703,31747865,31792309,31838200,31854939,31893490,31947862,31950344,31986631,32173586,	0	DMD	cmpl	cmpl	0,1,1,0,2,2,2,2,2,0,2,0,1,2,1,1,2,1,0,0,1,0,2,0,2,0,1,0,0,-1,-1,-1,-1,-1,-1,-1,
12	NM_004012	chrX	-	31137344	32430371	31140035	32430174	51	31137344,31144758,31152218,31164407,31165391,31187559,31190464,31191655,31196048,31196785,31198486,31200854,31222077,31224698,31227614,31241163,31279071,31341714,31366672,31462597,31496222,31497099,31514904,31525397,31645789,31676106,31697491,31747747,31792076,31838091,31854834,31893307,31947712,31950196,31986455,32235032,32305645,32328198,32360216,32361250,32364059,32366522,32380904,32382698,32383136,32398626,32404426,32407617,32408187,32429868,32430135,	31140047,31144790,31152311,31164531,31165635,31187718,31190530,31191721,31196087,31196922,31198598,31201021,31222235,31224784,31227816,31241238,31279133,31341775,31366751,31462744,31496491,31497220,31515061,31525570,31645979,31676261,31697703,31747865,31792309,31838200,31854939,31893490,31947862,31950344,31986631,32235180,32305818,32328393,32360399,32361403,32364197,32366645,32381075,32382827,32383316,32398797,32404582,32407791,32408298,32430030,32430371,	0	DMD	cmpl	cmpl	0,1,1,0,2,2,2,2,2,0,2,0,1,2,1,1,2,1,0,0,1,0,2,0,2,0,1,0,1,0,0,0,0,2,0,2,0,0,0,0,0,0,0,0,0,0,0,0,0,0,0,
1815	NR_103459	chr1	+	161284165	161334535	161334535	161334535	7	161284165,161293403,161298185,161309351,161310383,161326466,161332118,	161284215,161293460,161298287,161309378,161310445,161326630,161334535,	0	SDHC	unk	unk	-1,-1,-1,-1,-1,-1,-1,
670	NM_001195800	chr19	+	11200037	11244505	11200224	11241992	16	11200037,11210898,11213339,11218067,11221327,11222189,11223953,11224210,11226769,11227534,11230767,11231045,11233849,11238683,11240188,11241956,	11200291,11211021,11213462,11218190,11221447,11222315,11224125,11224438,11226888,11227674,11230909,11231198,11234020,11238761,11240346,11244505,	0	LDLR	cmpl	cmpl	0,1,1,1,1,1,1,2,2,1,0,1,1,1,1,0,
12	NM_004014	chrX	-	31137344	31526415	31140035	31526354	25	31137344,31144758,31152218,31164407,31165391,31187559,31190464,31191655,31196048,31196785,31198486,31200854,31222077,31224698,31227614,31241163,31279071,31341714,31366672,31462597,31496222,31497099,31514904,31525397,31526324,	31140047,31144790,31152311,31164531,31165635,31187718,31190530,31191721,31196087,31196922,31198598,31201021,31222235,31224784,31227816,31241238,31279133,31341775,31366751,31462744,31496491,31497220,31515061,31525570,31526415,	0	DMD	cmpl	cmpl	0,1,1,0,2,2,2,2,2,0,2,0,1,2,1,1,2,1,0,0,1,0,2,0,0,
15	NM_000222	chr4	+	55524094	55606881	55524181	55604723	21	55524094,55561677,55564449,55565795,55569889,55573263,55575589,55589749,55592022,55593383,55593581,55593988,55594176,55595500,55597493,55598036,55599235,55602663,55602886,55603340,55604594,	55524248,55561947,55564731,55565932,55570058,55573453,55575705,55589864,55592216,55593490,55593708,55594093,55594287,55595651,55597585,55598164,55599358,55602775,55602986,55603446,55606881,	0	KIT	cmpl	cmpl	0,1,1,1,0,1,2,1,2,1,0,1,1,1,2,1,0,0,1,2,0,
752	NM_001195132	chr9	-	21967750	21975132	21968723	21974826	4	21967750,21968573,21970900,21974676,	21968241,21968770,21971207,21975132,	0	CDKN2A	cmpl	cmpl	-1,1,0,0,
221	NM_001282625	chr1	+	156052336	156107657	156084709	156107555	13	156052336,156052738,156060261,156084503,156100407,156104193,156104595,156104977,156105691,156106004,156106711,156106903,156107444,	156052454,156052975,156060373,156085065,156100564,156104319,156104766,156105103,156105912,156106227,156106819,156107023,156107657,	0	LMNA	cmpl	cmpl	-1,-1,-1,0,2,0,0,0,0,2,0,0,0,
601	NM_001318827	chr16	+	2097895	2138721	2098616	2138611	39	2097895,2098587,2100400,2104296,2105402,2106196,2106644,2107105,2108747,2110670,2111871,2112497,2112972,2114272,2115519,2120456,2121510,2121784,2122241,2122849,2124200,2125799,2126068,2126491,2129032,2129276,2129557,2130165,2131595,2133695,2134228,2134951,2135230,2136193,2136732,2137863,2138048,2138227,2138446,	2098066,2098754,2100487,2104441,2105520,2106245,2106770,2107179,2108874,2110814,2112009,2112601,2113054,2114428,2115636,2120579,2121617,2121935,2122364,2122984,2124390,2125893,2126171,2126586,2129197,2129429,2129670,2130378,2131799,2133817,2134716,2135027,2135323,2136380,2136872,2137942,2138140,2138326,2138721,	0	TSC2	cmpl	cmpl	-1,0,0,0,1,2,0,0,2,0,0,0,2,0,0,0,0,2,0,0,0,1,2,0,2,2,2,1,1,1,0,2,0,0,1,0,1,0,0,
12	NM_004010	chrX	-	31137344	33146544	31140035	32834745	79	31137344,31144758,31152218,31164407,31165391,31187559,31190464,31191655,31196048,31196785,31198486,31200854,31222077,31224698,31227614,31241163,31279071,31341714,31366672,31462597,31496222,31497099,31514904,31525397,31645789,31676106,31697491,31747747,31792076,31838091,31854834,31893307,31947712,31950196,31986455,32235032,32305645,32328198,32360216,32361250,32364059,32366522,32380904,32382698,32383136,32398626,32404426,32407617,32408187,32429868,32456357,32459296,32466572,32472778,32481555,32482702,32486614,32490280,32503035,32509393,32519871,32536124,32563275,32583818,32591646,32591861,32613873,32632419,32662248,32663080,32715986,32717228,32827609,32834584,32841411,32862899,32867844,33038255,33146179,	31140047,31144790,31152311,31164531,31165635,31187718,31190530,31191721,31196087,31196922,31198598,31201021,31222235,31224784,31227816,31241238,31279133,31341775,31366751,31462744,31496491,31497220,31515061,31525570,31645979,31676261,31697703,31747865,31792309,31838200,31854939,31893490,31947862,31950344,31986631,32235180,32305818,32328393,32360399,32361403,32364197,32366645,32381075,32382827,32383316,32398797,32404582,32407791,32408298,32430030,32456507,32459431,32466755,32472949,32481711,32482816,32486827,32490426,32503216,32509635,32519959,32536248,32563451,32583998,32591754,32591963,32613993,32632570,32662430,32663269,32716115,32717410,32827728,32834757,32841504,32862977,32867937,33038317,33146544,	0	DMD	cmpl	cmpl	0,1,1,0,2,2,2,2,2,0,2,0,1,2,1,1,2,1,0,0,1,0,2,0,2,0,1,0,1,0,0,0,0,2,0,2,0,0,0,0,0,0,0,0,0,0,0,0,0,0,0,0,0,0,0,0,0,1,0,1,0,2,0,0,0,0,0,2,0,0,0,1,2,0,-1,-1,-1,-1,-1,
698	NR_136707	chrX	-	14883314	14891191	14891191	14891191	3	14883314,14887044,14891107,	14883702,14887165,14891191,	0	FANCB	unk	unk	-1,-1,-1,
118	NM_001258281	chr2	+	47630205	47710367	47630528	47710088	17	47630205,47630498,47635539,47637232,47639552,47641407,47643434,47656880,47672686,47690169,47693796,47698103,47702163,47703505,47705410,47707834,47709917,	47630314,47630541,47635694,47637511,47639699,47641557,47643568,47657080,47672796,47690293,47693947,47698201,47702409,47703710,47705658,47708010,47710367,	0	MSH2	cmpl	cmpl	-1,0,1,0,0,0,0,2,1,0,1,2,1,1,2,1,0,
1018	NR_103872	chr17	+	56769933	56811703	56811703	56811703	8	56769933,56772291,56780556,56787219,56798106,56801400,56809844,56811478,	56770149,56772550,56780690,56787351,56798173,56801461,56809905,56811703,	0	RAD51C	unk	unk	-1,-1,-1,-1,-1,-1,-1,-1,
1018	NR_103873	chr17	+	56769933	56772741	56772741	56772741	2	56769933,56772291,	56770046,56772741,	0	RAD51C	unk	unk	-1,-1,
179	NM_001127511	chr5	+	112043201	112181936	112043414	112179823	14	112043201,112102022,112102885,112111325,112116486,112136975,112151191,112154662,112157592,112162804,112163625,112164552,112170647,112173249,	112043579,112102107,112103087,112111434,112116600,112137080,112151290,112155041,112157688,112162944,112163703,112164669,112170862,112181936,	0	APC	cmpl	cmpl	0,0,1,2,0,0,0,0,1,1,0,0,0,2,
1440	NM_000038	chr5	+	112073555	112181936	112090587	112179823	16	112073555,112090569,112102022,112102885,112111325,112116486,112128142,112136975,112151191,112154662,112157592,112162804,112163625,112164552,112170647,112173249,	112073622,112090722,112102107,112103087,112111434,112116600,112128226,112137080,112151290,112155041,112157688,112162944,112163703,112164669,112170862,112181936,	0	APC	cmpl	cmpl	-1,0,0,1,2,0,0,0,0,0,1,1,0,0,0,2,
1440	NM_001127510	chr5	+	112073555	112181936	112090587	112179823	17	112073555,112074049,112090569,112102022,112102885,112111325,112116486,112128142,112136975,112151191,112154662,112157592,112162804,112163625,112164552,112170647,112173249,	112073622,112074157,112090722,112102107,112103087,112111434,112116600,112128226,112137080,112151290,112155041,112157688,112162944,112163703,112164669,112170862,112181936,	0	APC	cmpl	cmpl	-1,-1,0,0,1,2,0,0,0,0,0,1,1,0,0,0,2,
158	NM_001304718	chr10	+	89623194	89731687	89711973	89725229	9	89623194,89653781,89690802,89692769,89702367,89711874,89717609,89720650,89725043,	89624305,89653866,89690846,89693008,89702526,89712016,89717776,89720875,89731687,	0	PTEN	cmpl	cmpl	-1,-1,-1,-1,-1,0,1,0,0,
104	NM_004572	chr12	-	32943679	33049780	32945357	33049665	14	32943679,32945577,32949042,32955336,32974289,32975400,32976978,32993961,32996115,33003699,33021860,33030779,33031853,33049442,	32945426,32945665,32949232,32955490,32974463,32975565,32977096,32994139,32996247,33003907,33021996,33031477,33031966,33049780,	0	PKP2	cmpl	cmpl	0,2,1,0,0,0,2,1,1,0,2,0,1,0,
12	NM_004020	chrX	-	31137344	32173586	31140035	31792238	32	31137344,31144758,31152218,31164407,31165391,31196785,31198486,31200854,31222077,31224698,31227614,31241163,31279071,31341714,31366672,31462597,31496222,31497099,31514904,31525397,31645789,31676106,31697491,31747747,31792076,31838091,31854834,31893307,31947712,31950196,31986455,32173487,	31140047,31144790,31152311,31164531,31165635,31196922,31198598,31201021,31222235,31224784,31227816,31241238,31279133,31341775,31366751,31462744,31496491,31497220,31515061,31525570,31645979,31676261,31697703,31747865,31792309,31838200,31854939,31893490,31947862,31950344,31986631,32173586,	0	DMD	cmpl	cmpl	0,1,1,0,2,0,2,0,1,2,1,1,2,1,0,0,1,0,2,0,2,0,1,0,0,-1,-1,-1,-1,-1,-1,-1,
946	NM_000256	chr11	-	47352956	47374253	47353421	47374198	34	47352956,47353395,47353622,47354116,47354364,47354744,47355107,47355472,47356592,47357427,47358941,47359240,47360070,47360874,47361201,47362553,47362688,47363541,47364128,47364380,47364571,47365042,47367757,47368177,47368972,47368975,47369201,47369407,47369974,47371324,47371564,47372052,47372789,47374173,	47353267,47353432,47353809,47354253,47354524,47354884,47355303,47355561,47356760,47357562,47359130,47359345,47360230,47360955,47361341,47362583,47362795,47363707,47364295,47364486,47364699,47365175,47367921,47368195,47368974,47369030,47369231,47369456,47370092,47371473,47371663,47372166,47373056,47374253,	0	MYBPC3	cmpl	cmpl	-1,1,0,1,0,1,0,1,1,1,1,1,0,0,1,1,2,1,2,1,2,1,2,2,0,2,2,1,0,1,1,1,1,0,
257	NM_024529	chr1	+	193091087	193223942	193091330	193219842	17	193091087,193094241,193099303,193104520,193104666,193107214,193110979,193116996,193119433,193121509,193172924,193181194,193181519,193202122,193205385,193218859,193219805,	193091461,193094347,193099373,193104583,193104719,193107303,193111196,193117095,193119512,193121574,193172982,193181230,193181607,193202284,193205486,193219001,193223942,	0	CDC73	cmpl	cmpl	0,2,0,1,1,0,2,0,0,1,0,1,1,2,2,1,2,
102	NM_004017	chrX	-	31137344	31285024	31140035	31284946	17	31137344,31144758,31152218,31164407,31165391,31187559,31190464,31191655,31196785,31198486,31200854,31222077,31224698,31227614,31241163,31279071,31284926,	31140047,31144790,31152311,31164531,31165635,31187718,31190530,31191721,31196922,31198598,31201021,31222235,31224784,31227816,31241238,31279133,31285024,	0	DMD	cmpl	cmpl	0,1,1,0,2,2,2,2,0,2,0,1,2,1,1,2,0,
102	NM_004016	chrX	-	31137344	31285024	31139949	31284946	17	31137344,31152218,31164407,31165391,31187559,31190464,31191655,31196048,31196785,31198486,31200854,31222077,31224698,31227614,31241163,31279071,31284926,	31140047,31152311,31164531,31165635,31187718,31190530,31191721,31196087,31196922,31198598,31201021,31222235,31224784,31227816,31241238,31279133,31285024,	0	DMD	cmpl	cmpl	1,1,0,2,2,2,2,2,0,2,0,1,2,1,1,2,0,
202	NM_001162426	chr9	-	135766734	135820020	135771621	135804259	23	135766734,135772570,135772809,135776101,135776975,135777991,135779037,135779797,135780967,135782117,135782687,135785957,135786388,135786839,135787668,135796749,135797205,135798734,135800973,135802587,135804153,135810419,135819929,	135772141,135772732,135772997,135776224,135777086,135778174,135779204,135779841,135781526,135782222,135782757,135786076,135786500,135786955,135787844,135796823,135797360,135798879,135801126,135802691,135804339,135810482,135820020,	0	TSC1	cmpl	cmpl	2,2,0,0,0,0,1,2,1,1,0,1,0,1,2,0,1,0,0,1,0,-1,-1,
202	NM_001162427	chr9	-	135766734	135820020	135771621	135804259	22	135766734,135772570,135772809,135776101,135776975,135777991,135779037,135779797,135780967,135782117,135782687,135785957,135786388,135786839,135787668,135796749,135797205,135798734,135802587,135804153,135810419,135819929,	135772141,135772732,135772997,135776224,135777086,135778174,135779204,135779841,135781526,135782222,135782757,135786079,135786500,135786955,135787844,135796823,135797360,135798879,135802691,135804339,135810482,135820020,	0	TSC1	cmpl	cmpl	2,2,0,0,0,0,1,2,1,1,0,1,0,1,2,0,1,0,1,0,-1,-1,
101	NM_001042492	chr17	+	29421944	29704695	29422327	29701173	58	29421944,29483000,29486027,29490203,29496908,29508439,29508727,29509525,29527439,29528054,29528428,29533257,29541468,29546022,29548867,29550461,29552112,29553452,29554235,29554540,29556042,29556852,29557277,29557859,29559090,29559717,29560019,29562628,29562935,29576001,29579955,29585361,29586049,29587386,29588728,29592246,29652837,29654516,29657313,29661855,29663350,29663652,29664385,29664836,29665042,29665721,29667522,29670026,29676137,29677200,29679274,29683477,29683977,29684286,29685497,29685986,29687504,29701030,	29422387,29483144,29486111,29490394,29497015,29508507,29508803,29509683,29527613,29528177,29528503,29533389,29541603,29546136,29548947,29550585,29552268,29553702,29554309,29554624,29556483,29556992,29557400,29557943,29559207,29559899,29560231,29562790,29563039,29576137,29580018,29585520,29586147,29587533,29588875,29592357,29653270,29654857,29657516,29662049,29663491,29663932,29664600,29664898,29665157,29665823,29667663,29670153,29676269,29677336,29679432,29683600,29684108,29684387,29685640,29686033,29687721,29704695,	0	NF1	cmpl	cmpl	0,0,0,0,2,1,0,1,0,0,0,0,0,0,0,2,0,0,1,0,0,0,2,2,2,2,1,0,0,2,0,0,0,2,2,2,2,0,2,1,0,0,1,0,2,0,0,0,1,1,2,1,1,0,2,1,0,1,
769	NM_001317946	chr22	+	24129117	24176705	24129356	24176367	9	24129117,24133942,24135745,24143130,24145481,24158956,24167411,24175758,24176327,	24129449,24134054,24135875,24143322,24145609,24159123,24167602,24175890,24176705,	0	SMARCB1	cmpl	cmpl	0,0,1,2,2,1,0,2,2,
166	NM_001243743	chr9	-	97861335	98079536	97863988	98011573	15	97861335,97869347,97873744,97876910,97879596,97887367,97888810,97897627,97912204,97933360,97934318,98002930,98009713,98011408,98079410,	97864132,97869551,97873919,97876992,97879672,97887467,97888863,97897784,97912369,97933425,97934429,98003025,98009798,98011651,98079536,	0	FANCC	cmpl	cmpl	0,0,2,1,0,2,0,2,2,0,0,1,0,0,-1,
12	NM_004006	chrX	-	31137344	33229673	31140035	33229429	79	31137344,31144758,31152218,31164407,31165391,31187559,31190464,31191655,31196048,31196785,31198486,31200854,31222077,31224698,31227614,31241163,31279071,31341714,31366672,31462597,31496222,31497099,31514904,31525397,31645789,31676106,31697491,31747747,31792076,31838091,31854834,31893307,31947712,31950196,31986455,32235032,32305645,32328198,32360216,32361250,32364059,32366522,32380904,32382698,32383136,32398626,32404426,32407617,32408187,32429868,32456357,32459296,32466572,32472778,32481555,32482702,32486614,32490280,32503035,32509393,32519871,32536124,32563275,32583818,32591646,32591861,32613873,32632419,32662248,32663080,32715986,32717228,32827609,32834584,32841411,32862899,32867844,33038255,33229398,	31140047,31144790,31152311,31164531,31165635,31187718,31190530,31191721,31196087,31196922,31198598,31201021,31222235,31224784,31227816,31241238,31279133,31341775,31366751,31462744,31496491,31497220,31515061,31525570,31645979,31676261,31697703,31747865,31792309,31838200,31854939,31893490,31947862,31950344,31986631,32235180,32305818,32328393,32360399,32361403,32364197,32366645,32381075,32382827,32383316,32398797,32404582,32407791,32408298,32430030,32456507,32459431,32466755,32472949,32481711,32482816,32486827,32490426,32503216,32509635,32519959,32536248,32563451,32583998,32591754,32591963,32613993,32632570,32662430,32663269,32716115,32717410,32827728,32834757,32841504,32862977,32867937,33038317,33229673,	0	DMD	cmpl	cmpl	0,1,1,0,2,2,2,2,2,0,2,0,1,2,1,1,2,1,0,0,1,0,2,0,2,0,1,0,1,0,0,0,0,2,0,2,0,0,0,0,0,0,0,0,0,0,0,0,0,0,0,0,0,0,0,0,0,1,0,1,0,2,0,0,0,0,0,2,0,0,0,1,2,0,0,0,0,1,0,
15	NM_001093772	chr4	+	55524094	55606881	55524181	55604723	21	55524094,55561677,55564449,55565795,55569889,55573263,55575589,55589749,55592022,55593383,55593581,55593988,55594176,55595500,55597493,55598036,55599235,55602663,55602886,55603340,55604594,	55524248,55561947,55564731,55565932,55570058,55573453,55575705,55589864,55592204,55593490,55593708,55594093,55594287,55595651,55597585,55598164,55599358,55602775,55602986,55603446,55606881,	0	KIT	cmpl	cmpl	0,1,1,1,0,1,2,1,2,1,0,1,1,1,2,1,0,0,1,2,0,
158	NM_000314	chr10	+	89623194	89731687	89624226	89725229	9	89623194,89653781,89685269,89690802,89692769,89711874,89717609,89720650,89725043,	89624305,89653866,89685314,89690846,89693008,89712016,89717776,89720875,89731687,	0	PTEN	cmpl	cmpl	0,1,2,2,1,0,1,0,0,
752	NM_058195	chr9	-	21967750	21994490	21971001	21994330	3	21967750,21970900,21994137,	21968241,21971207,21994490,	0	CDKN2A	cmpl	cmpl	-1,1,0,
1439	NM_003002	chr11	+	111957547	111966525	111957631	111965694	4	111957547,111958580,111959590,111965528,	111957683,111958697,111959735,111966525,	0	SDHD	cmpl	cmpl	0,1,1,2,
1734	NM_000238	chr7	-	150642043	150675402	150642452	150675001	15	150642043,150643964,150644415,150644693,150645531,150645943,150647255,150648008,150648535,150649512,150654378,150655146,150656659,150671798,150674925,	150642602,150644142,150644602,150644966,150645631,150646137,150647508,150648208,150648923,150649941,150654590,150655590,150656824,150672029,150675402,	0	KCNH2	cmpl	cmpl	0,2,1,1,0,1,0,1,0,0,1,1,1,1,0,
1734	NM_001204798	chr7	-	150646515	150652917	150646986	150652591	5	150646515,150648008,150648535,150649512,150652483,	150647508,150648208,150648923,150649941,150652917,	0	KCNH2	cmpl	cmpl	0,1,0,0,0,
1734	NM_172056	chr7	-	150646515	150675402	150646986	150675001	9	150646515,150648008,150648535,150649512,150654378,150655146,150656659,150671798,150674925,	150647508,150648208,150648923,150649941,150654590,150655590,150656824,150672029,150675402,	0	KCNH2	cmpl	cmpl	0,1,0,0,1,1,1,1,0,
1439	NM_001276503	chr11	+	111957547	111966525	111957631	111965617	3	111957547,111958580,111965528,	111957683,111958697,111966525,	0	SDHD	cmpl	cmpl	0,1,1,
1077	NM_130800	chr11	-	64570985	64578035	64571805	64577581	10	64570985,64572505,64573106,64573703,64574482,64574650,64575023,64575362,64577121,64577985,	64572288,64572670,64573242,64573840,64574570,64574691,64575152,64575571,64577604,64578035,	0	MEN1	cmpl	cmpl	0,0,2,0,2,0,0,1,0,-1,
867	NM_001258273	chr3	+	37034840	37092337	37055968	37092144	18	37034840,37042445,37045891,37048481,37050304,37053310,37053501,37055922,37058996,37061800,37067127,37070274,37081676,37083758,37089009,37090007,37090394,37091976,	37035154,37042544,37045965,37048554,37050396,37053353,37053590,37056035,37059090,37061954,37067498,37070423,37081785,37083822,37089174,37090100,37090508,37092337,	0	MLH1	cmpl	cmpl	-1,-1,-1,-1,-1,-1,-1,0,1,2,0,2,1,2,0,0,0,0,
867	NM_001167618	chr3	+	37035267	37092337	37055968	37092144	19	37035267,37038114,37042445,37045891,37048481,37050304,37053310,37053501,37055922,37058996,37061800,37067127,37070274,37081676,37083758,37089009,37090007,37090394,37091976,	37035381,37038200,37042544,37045965,37048554,37050396,37053353,37053590,37056035,37059090,37061954,37067498,37070423,37081785,37083822,37089174,37090100,37090508,37092337,	0	MLH1	cmpl	cmpl	-1,-1,-1,-1,-1,-1,-1,-1,0,1,2,0,2,1,2,0,0,0,0,
899	NM_007299	chr17	-	41196311	41277468	41197800	41276113	22	41196311,41199659,41203079,41209068,41215349,41215890,41219624,41222944,41226347,41228504,41234420,41242960,41246760,41247862,41249260,41251791,41256138,41256884,41258472,41267742,41276033,41277293,	41197819,41199720,41203134,41209152,41215390,41215968,41219712,41223255,41226538,41228628,41234592,41243049,41246877,41247939,41249306,41251897,41256278,41256973,41258550,41267796,41276132,41277468,	0	BRCA1	cmpl	cmpl	2,1,0,0,1,1,0,1,2,1,0,1,1,2,1,0,1,2,2,2,0,-1,
594	NM_000455	chr19	+	1205797	1228434	1206912	1226646	10	1205797,1218415,1219322,1220371,1220579,1221211,1221947,1222983,1226452,1227591,	1207202,1218499,1219412,1220504,1220716,1221339,1222005,1223171,1226662,1228434,	0	STK11	cmpl	cmpl	0,2,2,2,0,2,1,2,1,-1,
899	NR_027676	chr17	-	41196311	41277340	41277340	41277340	23	41196311,41199659,41201137,41203079,41209068,41215349,41215890,41219624,41222944,41226347,41228504,41234420,41242960,41243451,41247862,41249260,41251791,41256138,41256884,41258494,41267742,41276033,41277198,	41197819,41199720,41201211,41203134,41209152,41215390,41215968,41219712,41223255,41226538,41228631,41234592,41243049,41246877,41247939,41249306,41251894,41256278,41256973,41258550,41267796,41276132,41277340,	0	BRCA1	unk	unk	-1,-1,-1,-1,-1,-1,-1,-1,-1,-1,-1,-1,-1,-1,-1,-1,-1,-1,-1,-1,-1,-1,-1,
955	NM_005359	chr18	+	48556582	48611411	48573416	48604837	12	48556582,48573289,48575055,48575664,48581150,48584494,48584709,48586235,48591792,48593388,48603007,48604625,	48556993,48573665,48575230,48575694,48581363,48584614,48584826,48586286,48591976,48593557,48603146,48611411,	0	SMAD4	cmpl	cmpl	-1,0,0,1,1,1,1,1,1,2,0,1,
12	NM_004021	chrX	-	31137344	32173586	31139949	31792238	35	31137344,31152218,31164407,31165391,31187559,31190464,31191655,31196048,31196785,31198486,31200854,31222077,31224698,31227614,31241163,31279071,31341714,31366672,31462597,31496222,31497099,31514904,31525397,31645789,31676106,31697491,31747747,31792076,31838091,31854834,31893307,31947712,31950196,31986455,32173487,	31140047,31152311,31164531,31165635,31187718,31190530,31191721,31196087,31196922,31198598,31201021,31222235,31224784,31227816,31241238,31279133,31341775,31366751,31462744,31496491,31497220,31515061,31525570,31645979,31676261,31697703,31747865,31792309,31838200,31854939,31893490,31947862,31950344,31986631,32173586,	0	DMD	cmpl	cmpl	1,1,0,2,2,2,2,2,0,2,0,1,2,1,1,2,1,0,0,1,0,2,0,2,0,1,0,0,-1,-1,-1,-1,-1,-1,-1,
951	NM_000179	chr2	+	48010220	48034092	48010372	48033999	10	48010220,48018065,48023032,48025749,48030558,48032048,48032756,48033342,48033590,48033917,	48010632,48018262,48023202,48028294,48030824,48032166,48032846,48033497,48033790,48034092,	0	MSH6	cmpl	cmpl	0,2,1,0,1,0,1,1,0,2,
698	NM_152633	chrX	-	14861528	14891191	14861688	14883632	9	14861528,14862624,14862977,14868626,14871160,14875983,14877303,14882681,14891107,	14862103,14862862,14863408,14868796,14871289,14876076,14877456,14883702,14891191,	0	FANCB	cmpl	cmpl	2,1,2,0,0,0,0,0,-1,
867	NM_001258274	chr3	+	37035267	37092337	37055968	37092144	20	37035267,37038109,37038646,37042445,37045891,37048481,37050304,37053310,37053501,37055922,37058996,37061800,37067127,37070274,37081676,37083758,37089009,37090007,37090394,37091976,	37035381,37038200,37038791,37042544,37045965,37048554,37050396,37053353,37053590,37056035,37059090,37061954,37067498,37070423,37081785,37083822,37089174,37090100,37090508,37092337,	0	MLH1	cmpl	cmpl	-1,-1,-1,-1,-1,-1,-1,-1,-1,0,1,2,0,2,1,2,0,0,0,0,
1077	NM_130804	chr11	-	64570985	64578766	64571805	64577581	11	64570985,64572505,64573106,64573703,64574482,64574650,64575023,64575362,64577121,64578285,64578505,	64572288,64572670,64573242,64573840,64574570,64574691,64575152,64575571,64577604,64578377,64578766,	0	MEN1	cmpl	cmpl	0,0,2,0,2,0,0,1,0,-1,-1,
101	NM_001128147	chr17	+	29421944	29549782	29422327	29549008	15	29421944,29483000,29486027,29490203,29496908,29508439,29508727,29509525,29527439,29528054,29528428,29533257,29541468,29546022,29548867,	29422387,29483144,29486111,29490394,29497015,29508507,29508803,29509683,29527613,29528177,29528503,29533389,29541603,29546136,29549782,	0	NF1	cmpl	cmpl	0,0,0,0,2,1,0,1,0,0,0,0,0,0,0,
899	NM_007298	chr17	-	41196311	41276132	41197694	41276113	22	41196311,41199659,41201137,41203079,41209068,41215349,41215890,41219624,41222944,41226347,41228504,41234420,41242960,41246760,41247862,41249260,41251791,41256138,41256884,41258472,41267742,41276033,	41197819,41199720,41201211,41203134,41209152,41215390,41215968,41219712,41223255,41226538,41228628,41234592,41243049,41246877,41247939,41249306,41251897,41256278,41256973,41258550,41267796,41276132,	0	BRCA1	cmpl	cmpl	1,0,1,0,0,1,1,0,1,2,1,0,1,1,2,1,0,1,2,2,2,0,
100	NM_007194	chr22	-	29083730	29137822	29083884	29130709	15	29083730,29085122,29090019,29091114,29091697,29092888,29095825,29099492,29105993,29107896,29115382,29120964,29121230,29130390,29137756,	29083974,29085203,29090105,29091230,29091861,29092975,29095925,29099554,29106047,29108005,29115473,29121112,29121355,29130715,29137822,	0	CHEK2	cmpl	cmpl	0,0,1,2,0,0,2,0,0,2,1,0,1,0,-1,
202	NM_000368	chr9	-	135766734	135820020	135771621	135804259	23	135766734,135772570,135772809,135776101,135776975,135777991,135779037,135779797,135780967,135782117,135782687,135785957,135786388,135786839,135787668,135796749,135797205,135798734,135800973,135802587,135804153,135810419,135819929,	135772141,135772732,135772997,135776224,135777086,135778174,135779204,135779841,135781526,135782222,135782757,135786079,135786500,135786955,135787844,135796823,135797360,135798879,135801126,135802691,135804339,135810482,135820020,	0	TSC1	cmpl	cmpl	2,2,0,0,0,0,1,2,1,1,0,1,0,1,2,0,1,0,0,1,0,-1,-1,
670	NM_001195799	chr19	+	11200037	11244505	11200224	11241992	17	11200037,11210898,11215895,11217240,11218067,11221327,11222189,11223953,11224210,11226769,11227534,11230767,11231045,11233849,11238683,11240188,11241956,	11200291,11211021,11216276,11217363,11218190,11221447,11222315,11224125,11224438,11226888,11227674,11230909,11231198,11234020,11238761,11240346,11244505,	0	LDLR	cmpl	cmpl	0,1,1,1,1,1,1,1,2,2,1,0,1,1,1,1,0,
1734	NM_172057	chr7	-	150642043	150652917	150642452	150652591	11	150642043,150643964,150644415,150644693,150645531,150645943,150647255,150648008,150648535,150649512,150652483,	150642602,150644142,150644602,150644966,150645631,150646137,150647508,150648208,150648923,150649941,150652917,	0	KCNH2	cmpl	cmpl	0,2,1,1,0,1,0,1,0,0,0,
1439	NM_001276506	chr11	+	111957547	111966525	111957631	111963921	5	111957547,111958580,111959590,111963803,111965528,	111957683,111958697,111959735,111963933,111966525,	0	SDHD	cmpl	cmpl	0,1,1,2,-1,
12	NM_004023	chrX	-	31137344	32173586	31139949	31792238	31	31137344,31152218,31164407,31165391,31196785,31198486,31200854,31222077,31224698,31227614,31241163,31279071,31341714,31366672,31462597,31496222,31497099,31514904,31525397,31645789,31676106,31697491,31747747,31792076,31838091,31854834,31893307,31947712,31950196,31986455,32173487,	31140047,31152311,31164531,31165635,31196922,31198598,31201021,31222235,31224784,31227816,31241238,31279133,31341775,31366751,31462744,31496491,31497220,31515061,31525570,31645979,31676261,31697703,31747865,31792309,31838200,31854939,31893490,31947862,31950344,31986631,32173586,	0	DMD	cmpl	cmpl	1,1,0,2,0,2,0,1,2,1,1,2,1,0,0,1,0,2,0,2,0,1,0,0,-1,-1,-1,-1,-1,-1,-1,
78	NM_001322006	chr7	-	6010555	6048737	6013029	6048650	14	6010555,6017218,6018226,6022454,6026389,6031603,6035164,6036956,6038738,6042083,6043320,6043602,6045522,6048627,	6013173,6017388,6018327,6022622,6027251,6031688,6035264,6037054,6038906,6042267,6043423,6043689,6045662,6048737,	0	PMS2	cmpl	cmpl	0,1,2,2,1,0,2,0,0,2,1,1,2,0,
78	NM_001322008	chr7	-	6010555	6048737	6013029	6043637	13	6010555,6017218,6018226,6022454,6026389,6029430,6031603,6035164,6036956,6038738,6042083,6043602,6048627,	6013173,6017388,6018327,6022622,6027251,6029586,6031688,6035264,6037054,6038906,6042267,6043689,6048737,	0	PMS2	cmpl	cmpl	0,1,2,2,1,1,0,2,0,0,2,0,-1,
78	NM_001322010	chr7	-	6010555	6048737	6013029	6042215	13	6010555,6017218,6018226,6022454,6026389,6031603,6035164,6036956,6038738,6042083,6043320,6043602,6048627,	6013173,6017388,6018327,6022622,6027251,6031688,6035264,6037054,6038906,6042267,6043423,6043689,6048737,	0	PMS2	cmpl	cmpl	0,1,2,2,1,0,2,0,0,0,-1,-1,-1,
78	NM_001322009	chr7	-	6010555	6048659	6013029	6042215	15	6010555,6017218,6018226,6022454,6026389,6029430,6031603,6035164,6036956,6038738,6042083,6043320,6043602,6045522,6048437,	6013173,6017421,6018327,6022622,6027251,6029586,6031688,6035264,6037054,6038906,6042267,6043423,6043689,6045657,6048659,	0	PMS2	cmpl	cmpl	0,1,2,2,1,1,0,2,0,0,0,-1,-1,-1,-1,
78	NM_001322013	chr7	-	6010555	6048737	6013029	6042215	14	6010555,6017218,6018226,6022454,6026389,6029430,6031603,6035164,6036956,6042083,6043320,6043602,6045522,6048627,	6013173,6017388,6018327,6022622,6027251,6029586,6031688,6035264,6037054,6042267,6043423,6043689,6045657,6048737,	0	PMS2	cmpl	cmpl	0,1,2,2,1,1,0,2,0,0,-1,-1,-1,-1,
158	NM_001304717	chr10	+	89623194	89731687	89623706	89725229	10	89623194,89623861,89653781,89685269,89690802,89692769,89711874,89717609,89720650,89725043,	89623860,89624305,89653866,89685314,89690846,89693008,89712016,89717776,89720875,89731687,	0	PTEN	cmpl	cmpl	0,1,1,2,2,1,0,1,0,0,
1270	NM_001018112	chr16	-	89864766	89883065	89865486	89883023	11	89864766,89865573,89866012,89869666,89871687,89874701,89877114,89877336,89880927,89882284,89882944,	89865487,89865640,89866046,89869749,89871800,89874775,89877210,89877479,89881021,89882394,89883065,	0	FANCA	cmpl	cmpl	2,1,0,1,2,0,0,1,0,1,0,
1815	NM_001035513	chr1	+	161284165	161334535	161284195	161332223	4	161284165,161310383,161326466,161332118,	161284215,161310445,161326630,161334535,	0	SDHC	cmpl	cmpl	0,2,1,0,
1815	NM_001035512	chr1	+	161284165	161334535	161284195	161332223	5	161284165,161293403,161310383,161326466,161332118,	161284215,161293460,161310445,161326630,161334535,	0	SDHC	cmpl	cmpl	0,2,2,1,0,
1815	NM_001035511	chr1	+	161284165	161334535	161284195	161332330	5	161284165,161293403,161298185,161310383,161332118,	161284215,161293460,161298287,161310445,161334535,	0	SDHC	cmpl	cmpl	0,2,2,2,1,
104	NM_001005242	chr12	-	32943679	33049780	32945357	33049665	13	32943679,32945577,32949042,32955336,32974289,32975400,32976978,32993961,33003699,33021860,33030779,33031853,33049442,	32945426,32945665,32949232,32955490,32974463,32975565,32977096,32994139,33003907,33021996,33031477,33031966,33049780,	0	PKP2	cmpl	cmpl	0,2,1,0,0,0,2,1,0,2,0,1,0,
118	NM_000251	chr2	+	47630205	47710367	47630330	47710088	16	47630205,47635539,47637232,47639552,47641407,47643434,47656880,47672686,47690169,47693796,47698103,47702163,47703505,47705410,47707834,47709917,	47630541,47635694,47637511,47639699,47641557,47643568,47657080,47672796,47690293,47693947,47698201,47702409,47703710,47705658,47708010,47710367,	0	MSH2	cmpl	cmpl	0,1,0,0,0,0,2,1,0,1,2,1,1,2,1,0,
82	NM_001018115	chr3	+	10068070	10143621	10070341	10142946	44	10068070,10070308,10074515,10076152,10076378,10076856,10077970,10080962,10081404,10083306,10084242,10084733,10085167,10085512,10088263,10089600,10091057,10094070,10101977,10103834,10105475,10106039,10106412,10107077,10107547,10108892,10114554,10114936,10116213,10119764,10122783,10123029,10127495,10128817,10130132,10130511,10131975,10133864,10134968,10135972,10136883,10138009,10140403,10142871,	10068157,10070405,10074656,10076220,10076482,10076917,10078023,10081041,10081529,10083394,10084347,10084834,10085276,10085548,10088407,10089735,10091189,10094181,10102087,10103895,10105595,10106113,10106559,10107178,10107663,10109001,10114665,10115046,10116357,10119881,10122912,10123148,10127606,10128948,10130226,10130634,10132069,10133936,10135007,10136047,10136958,10138156,10140499,10143621,	0	FANCD2	cmpl	cmpl	-1,0,1,1,0,2,0,2,0,2,0,0,2,0,0,0,0,0,0,2,0,0,2,2,1,0,1,1,0,0,0,0,2,2,1,2,2,0,0,0,0,0,0,0,
698	NM_001018113	chrX	-	14861528	14891191	14861688	14883632	10	14861528,14862624,14862977,14868626,14871160,14875983,14877303,14882681,14887044,14891107,	14862103,14862862,14863408,14868796,14871289,14876076,14877456,14883702,14887165,14891191,	0	FANCB	cmpl	cmpl	2,1,2,0,0,0,0,0,-1,-1,
642	NM_001008844	chr6	+	7541807	7586950	7542148	7586111	24	7541807,7555950,7558348,7559458,7562884,7563968,7565591,7566609,7567586,7568013,7568669,7569418,7570669,7571615,7572074,7574318,7574889,7575527,7576526,7577191,7578011,7578696,7579507,7582874,	7542318,7556053,7558497,7559633,7563013,7564019,7565753,7566714,7567682,7568139,7568822,7569573,7570796,7571817,7572301,7574485,7575028,7575721,7576689,7577275,7578119,7578795,7580005,7586950,	0	DSP	cmpl	cmpl	0,2,0,2,0,0,0,0,0,0,0,0,2,0,1,0,2,0,2,0,0,0,0,0,
221	NM_001257374	chr1	+	156095907	156109880	156095994	156109630	13	156095907,156100407,156104193,156104595,156104977,156105691,156106004,156106711,156106903,156107444,156108278,156108870,156109560,	156096014,156100564,156104319,156104766,156105103,156105912,156106227,156106819,156107023,156107534,156108548,156108893,156109880,	0	LMNA	cmpl	cmpl	0,2,0,0,0,0,2,0,0,0,0,0,2,
